32521 -4011
32213 -5998
31785 -7962
31237 -9896
30571 -11793
29791 -13645
28898 -15446
27896 -17189
26790 -18868
25582 -20475
24279 -22005
22884 -23452
21403 -24811
19841 -26077
18204 -27245
16499 -28310
14732 -29268
12910 -30117
11039 -30852
9126 -31470
7179 -31971
5205 -32351
3212 -32609
1206 -32745
-804 -32757
-2811 -32646
-4808 -32412
-6786 -32057
-8739 -31580
-10659 -30985
-12539 -30273
-14372 -29447
-16151 -28510
-17869 -27466
-19519 -26319
-21096 -25072
-22594 -23731
-24007 -22301
-25329 -20787
-26556 -19195
-27683 -17530
-28706 -15800
-29621 -14010
-30424 -12167
-31113 -10278
-31685 -8351
-32137 -6393
-32469 -4410
-32678 -2410
-32765 -402
-32728 1608
-32567 3612
-32285 5602
-31880 7571
-31356 9512
-30714 11417
-29956 13279
-29085 15090
-28105 16846
-27019 18537
-25832 20159
-24547 21705
-23170 23170
-21705 24547
-20159 25832
-18537 27019
-16846 28105
-15090 29085
-13279 29956
-11417 30714
-9512 31356
-7571 31880
-5602 32285
-3612 32567
-1608 32728
402 32765
2410 32678
4410 32469
6393 32137
8351 31685
10278 31113
12167 30424
14010 29621
15800 28706
17530 27683
19195 26556
20787 25329
22301 24007
23731 22594
25072 21096
26319 19519
27466 17869
28510 16151
29447 14372
30273 12539
30985 10659
31580 8739
