-5426
-1409
-1784
730
13800
6720
155
2415
-7435
-2977
-1226
-12932
-16401
-12440
-10513
-5483
2661
2505
10129
9970
2419
-381
-12876
-14372
-7020
-7911
-2641
8927
483
2839
76
-9006
2611
-3549
-4866
-2863
-12010
-15743
-5529
-6693
-8187
-8693
-16853
-22606
-20295
-6380
-964
886
2746
-1866
-1611
4310
11287
6562
9860
2448
-10741
-11412
-10295
-6676
8306
12658
4811
13830
12614
16635
15300
4774
2833
386
4248
15425
10448
15257
15225
7619
12414
2471
1860
-4212
-4380
-1478
1723
12622
3807
8601
12797
4506
12787
4293
-6063
-8057
-9071
-5853
3264
4854
-3139
-4854
-10645
-2160
-2905
-9129
-6641
-19029
-18938
-8400
-10232
-1819
9195
10820
10593
6236
-5049
-3527
4147
15057
23552
10510
-4163
-16616
-26552
-16159
-15021
-7591
4830
2230
6052
9094
1148
-2897
3781
-1427
-2146
4622
-5569
1269
634
-9997
-11460
-13942
-4186
6575
17791
20930
15175
15938
10439
10153
2532
5715
8134
-1651
7461
-3704
-10440
-5217
-3142
4930
8035
1233
-4324
-11923
-2439
5851
4921
9469
6823
8299
18355
18183
6756
-3535
-4069
-7043
2668
11932
1749
4046
-3026
-15749
-7250
-15976
-13297
-9272
-18487
-7994
553
-3472
5412
7663
7549
23403
13138
8539
7132
1602
15267
22278
24648
15315
6854
-3403
-17044
-15942
-9906
-6565
6709
20697
14208
11692
-62
-8947
-11301
-9860
-6485
-9539
-11710
-12363
-11151
-10091
-1064
-673
-1840
5839
7984
13047
18840
14060
9794
7805
-3520
-7708
-6716
-12054
-1093
-740
-10181
-10318
-13769
-2270
8373
15276
15320
8181
11238
5917
4263
-1064
-3004
-488
-2137
5936
-4682
-13530
-9600
-10285
-2572
12229
12863
10674
5425
-8646
-7074
-12993
-12652
-9240
-12269
-6093
2226
12223
16162
23177
13222
14221
2058
-9883
-12694
-16938
-2853
2582
4984
2212
-3311
-9605
-6840
-3339
-3582
-4335
-3415
-8649
-8259
-10272
-7041
1735
-5964
5714
12152
6855
16895
9860
1479
-7710
-13187
-12221
-15030
-2436
-1368
5921
14156
5410
-852
-13168
-15669
-13353
364
6301
-1620
276
793
4785
8727
4123
2662
7317
7027
3886
-7031
-13081
-16213
-12540
-7951
-11699
-9532
-6772
-10471
-15701
-10126
-15059
-5773
466
-4958
4663
3740
-104
-3542
-12913
-14862
-3919
2513
2377
3801
4868
92
11646
3413
2260
12758
7064
11414
12286
-727
-955
1395
-1166
1536
-6452
-14346
-13757
-1637
4342
18341
11081
-2561
-2594
-9652
-4615
2012
869
-5739
-13624
-20253
-13785
-8779
-9423
-184
-8865
-3314
3251
754
1210
897
1103
1473
4982
3943
-3485
-3094
4114
-349
9145
4371
201
-2583
-175
7898
13577
16288
10673
7456
5630
-1139
-5557
76
1801
8712
18928
18687
14178
12857
6219
-1810
-1713
-194
8778
7399
1835
8893
2211
8676
5168
-2084
-9796
-11204
-1722
5909
15499
15937
18396
11006
7703
9603
9129
4583
-2508
-14784
-25955
-26267
-16434
-16881
-11484
-3177
-11550
-8166
-11169
-19454
-16031
-6773
-6600
3277
7030
2993
10055
10022
15725
8900
9939
368
-13917
-14094
-24913
-25914
-11065
-8676
4578
12931
11904
13441
1866
-5520
-10876
-12710
-11569
-14384
-13698
-2108
6806
6681
7444
-2440
-14495
-5765
-9330
-6744
5905
-508
-209
-7714
-15989
-6602
-12165
-2201
-3588
-5616
-4687
-8468
-13117
-19171
-17339
-16110
-12794
-10876
-2944
-4546
-7156
-6437
-10915
-4169
-108
6966
8460
-4171
-4886
-8698
-10106
-7742
-8087
-4956
-2702
-3595
4222
-1982
-4520
4706
-453
-6796
-13149
-15053
-14319
627
959
-2574
-936
-14288
-1024
3201
9089
17591
3005
-2185
-15187
-15205
-14443
-8586
-2596
-7903
-438
103
5611
5779
2420
-3512
-5926
3008
10389
19086
22444
11167
12616
13988
12333
23839
11013
5888
-1421
-5266
8043
3568
10820
3083
-2816
1342
477
2743
-1452
3276
1656
-1838
4126
-7735
-5082
7555
2736
1809
1620
-7323
-8654
-7594
-19005
-15183
-12701
-3690
3162
424
-5186
-13975
-13046
-12623
1133
-1446
-3091
-1007
-13572
-5632
1149
-4418
-4065
-11922
-15138
-18078
-15858
-908
788
4476
10883
-2814
-5023
5026
8592
12041
9690
6782
3576
5419
3420
-3121
-13409
-13676
-16929
-14988
-1153
-60
12202
7175
8362
1564
-8282
3079
-3321
2732
2486
-8199
-13236
-18139
-17828
-18210
-9411
3778
2158
11927
-1067
-6888
503
-10456
-11040
-18804
-15641
-11728
-3071
3151
-1679
-745
-2683
-4451
2370
-2140
-2417
3760
-2626
1500
9778
-1661
-6169
3291
-713
8976
11515
-703
4105
7351
6753
18119
7866
-572
5284
-6769
3498
-2501
-10684
-11517
-19857
-6940
3187
11130
17050
13328
10663
2077
-3285
-8402
-15660
31
-4359
67
-1283
-7832
5101
-1266
10680
3416
-9886
-1454
-14996
-15693
-7943
-18087
-4046
3458
-1218
9913
9294
6721
11948
10234
7413
10847
5657
9730
727
4087
14257
4929
12869
10701
1165
4720
8631
13359
18570
16709
1815
-4251
-7006
-7490
6275
6956
7928
6954
-6244
-11664
-18042
-17220
-4542
-6727
-7986
-5320
-9337
-9320
-1495
3998
6931
8621
3366
-7460
-12945
-11928
-12499
-234
-1017
-153
4975
-9168
-12354
-6715
-7005
-4847
5610
697
199
5568
-5218
-10822
-12144
-20293
-16199
-8398
-5535
-5475
-971
-7337
-8081
1321
2344
492
4774
1107
-5000
-590
-5494
-6950
-7499
-7112
-5886
160
10416
20170
15584
7860
6672
-4070
-785
11115
-2476
-2984
-5012
-10609
2653
2007
10854
8499
6619
11649
1233
1194
97
6503
15658
10794
996
623
-3259
-4806
1499
1515
-2865
1260
-3175
-14537
-14626
-9666
-9103
-2198
4754
-3288
4263
4691
-714
12867
2499
1689
-2261
-17017
-9096
-5114
184
13415
7272
3652
-2621
-11637
-14692
-13377
-629
6899
18994
16382
5404
-2856
-10563
-3664
-4506
285
-1047
-9716
-11165
-13815
-4172
2034
14511
17211
17609
15899
1799
-4663
-14240
-21805
-19723
-18263
-17573
-6024
-3134
-2113
0
-10640
-3912
-2889
-7469
-2309
-8892
-8839
-9764
-5668
-3991
-8665
5039
-4554
-1998
7574
-3975
7138
7978
6002
16962
10361
-186
-1146
-2145
787
9813
2052
582
-4113
-2683
9511
10927
4041
6011
2966
-8972
-5327
-15917
-15964
-8348
-11341
2666
-2468
-6163
-2366
-17872
-13336
-14310
-12540
2295
8708
6499
9501
-130
-3406
3185
-2240
-54
2183
5474
4463
-1039
-8991
-6733
1224
9038
5284
-7544
-4409
-7911
-2236
4006
-1900
-4332
-8528
-1332
5108
10541
12731
7801
3865
8632
4078
3102
-831
-5376
2350
-2781
-8088
-18036
-26224
-24638
-13579
-8246
936
11917
9763
13110
