-21701
16067
-1499
10056
30577
-12254
-27759
19098
-8823
5577
-20753
-27728
-22698
21422
-13045
-7610
9879
20799
17450
-8247
-20326
9601
-32532
-14229
9083
6034
-11450
32043
-24692
15458
-22504
-4283
21773
-9181
-27772
3730
-14816
-24114
13084
-924
-20794
-26135
-19557
-23938
-11549
29526
2105
-16536
-4111
11081
3125
7146
23798
-7819
16315
-22499
-28959
-10505
20786
-8026
30972
6902
-10602
28048
26111
22983
-15939
-14058
18346
13198
-491
30649
-1563
32434
-618
226
17614
-7335
-3064
-24062
16941
4275
9741
19533
-18321
23454
26524
-13631
14802
-10523
-14898
-21609
10749
2349
21568
-15247
-21224
-4510
-1596
18692
-24206
-29403
8356
-30862
-23843
12750
1027
2790
20216
19247
122
-14639
-24926
25336
30820
29001
9052
-26832
-27872
-20811
-30692
14741
-23321
8908
18995
4341
-8034
21075
-12788
-11838
18676
244
-15664
15235
-22089
27595
-18205
-27289
-27938
17665
20819
15756
16924
30224
-2201
18808
-5075
29080
-32682
31540
4600
-10062
3768
-13122
-22344
10830
12071
19163
-9921
-16380
-10158
-11231
28015
16781
-13878
6958
17434
22685
26344
6272
-28277
-18479
24209
-5622
10565
18578
-16523
3566
-17722
-32315
17474
-31338
-7006
-16218
-19385
10635
27180
-32316
16149
19639
26725
31101
-24913
1243
21100
8979
29747
29289
30579
-28355
-4094
-11742
-23983
-23948
20050
1622
29114
32003
-5906
-8442
-17901
-3537
-15321
-2681
-4398
-15754
-24005
-5294
449
-11514
12103
-3730
-4217
19203
20680
16522
18956
83
3616
8568
-26347
-16668
7584
-12783
17495
-15255
-30179
-13333
3693
30741
12394
14279
3868
2185
24623
-7006
-2749
-19121
16860
3060
-9347
13172
-25610
-32335
6376
10431
5243
26866
8913
1675
-15754
-29415
15201
-22001
-14392
-15767
3086
2704
18881
24222
18844
30764
-20941
28219
-29809
-16998
-32188
11245
26529
4745
-22580
155
4438
-20430
-11522
14158
3468
-23444
-7841
-6779
5029
-31497
5084
28324
-25764
15214
30836
7135
14396
-12927
-2686
-29621
-7514
-9063
-13921
20756
-3243
20095
19016
-14225
-28292
-29169
9012
-4963
26576
-5419
-22672
2621
28645
10548
-6904
-15795
22800
29167
-8061
-28359
-20868
4964
-20586
-13668
-2513
-10029
-11917
-2628
-17309
-30950
10384
-22361
19835
-5992
-11313
16122
16144
-21368
-25065
-21363
8349
22406
660
-21905
14044
26675
-18446
24311
-18886
22063
23547
1532
-1484
25551
-28504
619
7916
15307
-17695
-31335
-23660
17662
30786
-7420
32337
-11378
-23780
-7553
4104
8771
2726
-12125
-22327
-22767
-23793
13749
-2303
-25345
13164
-20973
19901
914
3174
-19147
18650
1736
4654
-5110
14493
-27975
6216
23722
-3356
9999
-12880
7041
-14490
19632
19409
29759
-3648
-2826
6541
22454
-30724
-20496
29071
29355
-3082
20370
28107
11319
-8367
-6181
-4010
11707
-2290
29705
-9523
-10550
25943
2977
16337
-24585
-3065
-27870
10704
13346
27456
10490
12458
23181
-2104
-2722
20060
21283
-20288
-31086
-29045
-23401
-21534
8247
-30834
-1814
11694
-25246
-17298
-13823
-21447
-11554
19733
-13132
18063
3458
3584
15115
17932
26269
-23714
19272
-20355
-30870
-24420
-24004
-24360
28525
-14862
29011
9053
24414
-8712
-17289
-20492
2991
-16049
-12726
-31750
5733
30314
22927
-32248
8783
-9222
-25293
2675
-5478
1120
25304
-22978
-4282
-28899
-7797
14573
-26535
10956
-13344
6459
-22817
-4170
-31937
-17759
-15488
746
-18673
-10086
16240
-5662
-29115
-7208
-1673
21320
-12869
21088
4304
-29205
-15728
5839
-1329
-19750
-17105
18362
7688
-23323
14164
-6455
-2466
13584
-6475
-31826
-27877
5968
-3539
27959
-26550
-8165
3014
-25450
26506
8734
26569
8555
-31836
-12028
-25437
8484
-28790
11402
-1479
-12744
1070
13567
20552
-12072
-12367
-10160
10898
23663
17155
24630
24329
-21445
22952
30119
17708
24577
-28350
9620
-11529
9197
24887
-8282
17480
-21753
1292
8352
14019
-12689
-15488
27263
7538
-26662
8368
-20184
18151
23887
-10907
-23894
17397
-11888
-16229
-19656
-28246
3402
-6304
16391
-840
-7551
-28744
-18764
2875
-5856
26277
-29080
-3703
2478
-23983
2683
23420
-19791
-22571
-28746
10556
-31549
-13691
31052
17343
-16798
11935
-23734
8507
23397
26201
-9938
-898
11764
13377
-2564
-8896
-14401
-27774
-3630
-21909
-6636
27563
742
27141
-26744
32311
-26449
-12246
18702
6710
-2235
-13230
-24041
-13435
-21848
-11987
-25570
21763
30906
-18464
13505
-30212
7621
11099
-30330
-32550
-23432
23750
-14678
2076
1456
4431
-10943
-5675
-5614
31714
-28984
-6781
19091
6172
-12481
26332
-26665
-11861
25359
10317
12092
-1708
-23512
29551
25075
-4101
21951
-11460
-8675
19322
-26260
29607
-32672
-13409
-29593
-3753
18995
27100
2179
19927
4106
16441
-32164
-1522
-16363
-12589
30601
-19084
1341
-17987
4403
32647
-24127
29797
-24650
-20563
9601
-24369
-27439
10435
-30973
31796
2577
-8269
13548
29321
-7716
12642
6689
18039
6018
-8115
22980
-17975
19461
32563
-14333
13787
10789
-5582
-114
29433
29699
15264
-7558
-30142
5435
4241
-9491
24916
8161
8127
-13387
-27874
-13520
-17385
-10100
22838
-22259
-22423
567
6769
-22191
8877
22540
18498
-15430
-12144
-20763
-3443
-11359
-14430
28296
-6574
-7903
6084
-28279
-19318
14655
4924
-19646
22510
-4999
2932
1832
-20637
-27415
-2354
-30766
-4261
3792
9095
-30526
13756
-21672
6119
7082
17849
-29081
23247
-7584
-6579
-11442
3630
-13408
-8774
-9893
8534
10776
32250
29121
-9808
-20120
27497
-13849
3333
27480
-26867
-15880
-4781
5093
26183
-18467
30607
-4327
18666
1653
-11058
-4484
14280
27276
25560
-23940
-24910
25785
10032
-30129
309
25850
-7489
-13629
-17431
-19599
-7845
6212
-15180
8024
19960
-25955
15023
9738
-1662
28371
-26448
6495
-17462
-30650
5233
22426
3728
22274
-19337
7946
-21364
-13793
-31556
13205
29628
16319
16824
2758
-14283
-16720
-14004
30351
-17650
2445
-19333
-4323
-23448
-8154
19238
20500
26462
2646
20831
13658
-29937
-23204
-17477
-16601
-21609
-17364
-14716
29596
-10049
-13283
-6264
-12961
16863
-9192
-24583
7679
-9469
-8983
-28280
24062
-2760
-27682
26536
-14307
7463
10607
-19660
30145
10820
2706
24180
3738
-31366
-1136
20184
15467
4738
-32180
14305
-3315
10460
16594
19971
-30858
18338
4413
-27780
-16278
-24022
4225
2685
-28252
32009
-16313
-12094
-13065
-30013
1828
-15990
-5983
29328
27477
-24823
6025
-9198
14372
1543
-15674
-454
23320
14706
-19720
-22461
-8489
23741
12108
8794
-23507
-27571
24651
-5215
-809
-2601
1027
-14943
-17592
26183
26784
6792
-8832
6461
11041
25858
-27045
2556
-4690
7677
3858
-17967
-25919
-32115
-28892
-11623
18315
-10783
7836
32301
9699
2606
