0 0
0 0
0 0
0 0
0 0
0 0
0 0
0 0
0 0
0 0
0 0
0 0
0 0
0 0
0 0
0 0
0 0
0 0
0 0
-1 0
0 1
-1 1
-4 -1
0 -4
4 -2
1 1
-1 3
-5 1
-4 -5
6 -6
6 8
-12 8
-9 -18
26 -11
11 37
-49 17
-22 -59
68 -28
35 70
-70 39
-43 -65
54 -42
37 46
-34 30
-25 -25
18 -19
15 13
-13 14
-12 -15
22 -11
6 27
-35 1
8 -38
41 21
-35 36
-35 -48
54 -26
19 60
-58 12
-6 -55
44 -3
0 36
-30 0
3 -27
25 4
-5 25
-28 -8
7 -32
33 10
-9 35
-36 -11
8 -30
21 9
-11 16
-10 -9
5 -5
1 5
-2 -1
-2 1
-4 -2
0 -7
7 -9
15 6
-10 21
-32 -12
15 -38
41 16
-19 43
-41 -19
16 -35
29 16
-15 23
-19 -9
4 -16
10 1
-2 8
-7 0
-1 -9
8 -2
4 8
-9 4
-11 -11
7 -17
18 5
-2 21
-23 -3
5 -24
21 12
-24 20
-20 -32
41 -18
19 44
-41 24
-31 -33
22 -35
37 8
4 32
-27 10
-14 -11
-7 -10
3 -24
40 -6
12 50
-58 19
-20 -54
45 -17
12 28
-11 5
2 3
-14 5
-5 -18
15 -3
-3 11
-5 -11
16 2
-3 19
-18 -1
-6 -12
6 -17
30 1
-2 42
-53 -4
12 -62
64 22
-35 65
-66 -46
51 -65
62 54
-52 61
-57 -49
40 -53
49 31
-26 44
-39 -17
10 -35
31 4
-3 27
-31 -1
2 -35
36 4
-13 41
-46 -19
24 -44
42 28
-31 37
-30 -32
27 -21
12 25
-25 1
10 -19
17 17
-23 15
-18 -25
23 -19
21 19
-15 23
-28 -3
-9 -28
28 -16
24 24
-24 25
-27 -20
12 -21
14 8
-3 7
-2 4
-9 -1
5 -14
16 15
-28 16
-13 -39
52 -7
-2 61
-63 -10
18 -60
53 25
-34 40
-29 -36
37 -14
1 39
-42 -9
16 -39
34 24
-28 27
-21 -31
32 -13
7 37
-38 3
-4 -41
44 -9
15 43
-43 22
-28 -42
36 -30
30 27
-17 25
-22 -10
5 -14
4 1
-1 -5
13 -1
2 22
-32 7
-12 -40
46 -18
23 49
-53 26
-30 -53
48 -30
24 43
-38 16
-7 -35
29 -2
-6 26
-26 -8
0 -23
20 -10
24 13
-7 37
-49 0
-9 -55
53 -18
21 45
-33 24
-23 -17
3 -16
4 -10
17 -11
25 16
-13 39
-54 -3
-10 -66
73 -17
23 78
-82 23
-21 -83
80 -17
11 78
-77 6
-4 -74
66 2
-4 56
-46 -10
12 -32
14 19
-23 -3
17 -23
19 31
-45 11
-3 -52
56 7
-17 61
-58 -20
21 -55
48 19
-17 41
-35 -11
8 -24
14 6
-9 7
-6 -8
8 -6
6 13
-13 10
-14 -17
13 -18
17 10
-6 17
-13 2
-10 -12
8 -21
25 5
-1 32
-36 3
-7 -32
29 -14
18 21
-16 27
-31 -7
5 -33
36 3
-8 32
-30 -18
28 -24
17 37
-46 13
-9 -53
48 -6
8 43
-36 5
-5 -25
20 -4
3 13
-13 3
2 -13
16 2
-3 14
-14 -5
4 -14
11 1
0 8
-12 3
-4 -14
17 -2
4 22
-30 1
-3 -34
36 -3
5 35
-32 9
-12 -26
16 -17
16 3
6 15
-11 16
-26 -8
2 -36
40 -4
4 46
-50 3
3 -52
54 6
-16 52
-51 -24
31 -43
31 38
-42 17
-9 -44
43 1
-8 43
-39 -7
2 -36
32 -2
6 27
-27 9
-14 -29
29 -14
11 31
-37 4
-3 -41
47 1
-3 48
-53 0
-10 -54
53 -18
29 52
-49 43
-51 -45
42 -56
52 41
-44 45
-35 -49
52 -23
11 59
-70 4
-4 -73
72 -8
11 67
-58 14
-13 -42
23 -5
-6 4
16 -16
25 34
-48 28
-26 -55
57 -20
6 52
-43 -9
20 -33
23 28
-33 15
-16 -35
29 -18
23 22
-15 26
-27 -4
-6 -22
9 -12
14 -5
20 15
-11 36
-46 -2
-11 -51
48 -23
29 41
-30 29
-22 -24
14 -12
-3 6
-5 -20
30 -6
6 42
-46 5
-8 -44
37 -6
-1 29
-21 -5
8 -6
-6 8
-6 -18
28 0
-9 39
-48 -20
24 -56
61 21
-14 61
-60 2
-21 -53
42 -40
51 29
-12 57
-55 10
-31 -44
28 -48
60 10
3 63
-59 14
-18 -42
22 -18
11 -1
19 5
-2 30
-33 1
-2 -28
14 1
-6 -3
20 -9
12 36
-48 15
-14 -54
53 -12
9 51
-44 9
-8 -32
22 -13
18 7
2 26
-37 14
-24 -42
43 -31
36 41
-34 39
-40 -18
-2 -39
32 -20
37 29
-20 48
-52 -13
4 -48
35 -5
14 22
-7 18
-25 4
-11 -28
32 -9
5 36
-39 -2
7 -42
44 13
-14 44
-45 -7
0 -42
40 -12
19 35
-33 25
-27 -31
25 -23
16 20
-14 10
-9 -7
1 -7
6 -4
5 12
-19 3
-1 -24
25 4
-12 28
-25 -17
18 -22
16 17
-13 11
-6 -6
-2 -2
-6 -7
7 -12
20 5
0 26
-36 9
-14 -35
35 -18
12 26
-19 3
9 -8
1 26
-44 -2
-1 -55
64 -8
16 67
-66 23
-34 -60
51 -35
31 43
-40 22
-11 -34
32 5
-18 29
-31 -30
33 -29
24 31
-26 17
-9 -16
3 0
-10 -4
8 -17
17 8
-6 13
-9 2
-15 0
-13 -22
30 -23
30 34
-34 35
-41 -31
25 -39
31 19
-17 23
-12 -16
14 -4
-7 20
-23 -17
20 -28
32 21
-27 37
-41 -28
30 -36
30 34
-47 24
-16 -55
63 -9
1 66
-67 0
-1 -58
44 -3
9 28
-13 17
-21 -6
-2 -29
27 -1
-7 28
-27 -15
23 -22
17 30
-35 12
-7 -35
33 0
-7 29
-25 -12
21 -22
16 29
-36 10
-4 -41
44 1
-8 41
-38 -13
15 -27
14 20
-23 -2
18 -23
24 30
-41 27
-28 -46
42 -29
30 32
-17 25
-20 1
-19 -12
3 -32
37 -7
14 35
-26 17
-16 -11
-4 -10
0 -17
24 -9
21 21
-17 37
-46 -10
2 -52
51 -5
4 47
-38 4
-2 -26
15 0
-2 3
7 -1
-5 14
-17 -8
13 -19
13 13
-13 4
3 -14
15 16
-26 18
-23 -36
38 -32
37 43
-45 39
-39 -41
36 -38
31 31
-28 24
-21 -27
27 -16
17 25
-29 18
-22 -29
21 -22
23 14
-4 23
-19 9
-26 -21
22 -39
45 23
-28 53
-57 -30
26 -56
49 22
-13 44
-36 -2
-8 -30
15 -15
14 3
7 10
1 18
-24 16
-28 -27
24 -36
39 17
-13 37
-31 -6
-1 -21
10 2
-6 2
2 -11
16 9
-9 17
-17 -11
9 -13
7 10
-11 -2
6 -12
12 6
-7 13
-17 -5
-3 -16
14 -7
5 16
-13 8
-6 -13
7 -7
4 10
-10 2
0 -14
14 1
-1 20
-26 -3
-1 -26
27 -4
4 24
-20 8
-17 -13
-1 -19
20 -9
19 23
-26 25
-28 -27
27 -23
18 27
-26 7
1 -27
25 11
-20 26
-27 -19
20 -26
23 17
-14 26
-30 -13
8 -32
33 9
-7 32
-33 -4
0 -25
17 -6
14 4
5 19
-29 11
-17 -37
42 -19
14 50
-50 12
-5 -52
48 2
-3 44
-36 -5
5 -26
15 2
-2 1
10 1
-2 24
-35 -5
4 -44
50 4
-3 54
-59 -4
-1 -57
53 -5
11 49
-44 16
-20 -35
27 -22
24 18
-9 19
-17 -4
-1 -14
11 0
-2 12
-16 -4
8 -18
20 11
-17 18
-14 -21
20 -5
-11 24
-26 -27
42 -25
25 59
-70 25
-24 -74
69 -22
17 61
-50 12
-10 -34
16 -2
-3 0
17 -5
7 32
-49 5
-9 -61
64 -3
0 67
-64 -2
5 -57
45 5
-10 35
-29 -11
12 -21
19 14
-19 24
-29 -20
22 -32
35 23
-22 36
-34 -21
13 -27
18 8
-1 10
-1 5
-10 7
-15 -8
0 -19
18 -8
19 12
-5 28
-38 5
-16 -43
41 -25
33 33
-21 36
-35 -7
-8 -33
31 -19
24 33
-33 23
-18 -34
38 -8
-2 37
-35 -15
19 -33
28 24
-25 21
-20 -21
12 -22
23 -1
11 26
-34 17
-25 -38
39 -29
30 42
-41 30
-31 -39
39 -30
29 35
-33 26
-29 -29
26 -27
25 21
-20 23
-20 -21
19 -16
8 18
-18 2
-1 -15
6 -1
0 -4
14 2
-6 27
-40 -8
5 -52
56 0
2 59
-58 10
-20 -53
44 -22
24 35
-25 21
-17 -11
-1 -10
3 -14
23 -5
9 31
-39 17
-22 -42
44 -25
21 44
-48 17
-9 -51
51 4
-19 52
-53 -26
35 -48
43 36
-36 40
-33 -32
28 -24
14 24
-22 6
-2 -20
20 6
-10 19
-17 -13
16 -12
4 16
-18 -3
8 -14
8 11
-9 2
4 -6
-2 8
-8 -10
15 2
-14 21
-23 -31
43 -21
19 58
-68 14
-11 -72
71 -11
6 64
-59 6
-7 -49
40 -9
11 31
-25 14
-19 -15
8 -22
21 3
1 19
-13 -2
2 -3
-8 6
-13 -18
20 -16
17 22
-21 17
-20 -12
0 -19
18 -13
18 19
-23 23
-24 -20
21 -17
11 19
-19 3
5 -19
21 11
-18 27
-34 -22
25 -44
49 26
-31 54
-60 -27
26 -61
57 24
-24 52
-47 -22
18 -37
30 20
-21 22
-21 -29
33 -21
23 40
-47 27
-30 -54
62 -32
30 61
-66 27
-25 -63
58 -23
18 55
-52 14
-11 -46
42 -5
-2 40
-41 -8
12 -42
39 17
-19 35
-34 -20
14 -32
28 12
-13 24
-23 -13
17 -25
23 21
-29 23
-27 -33
34 -27
26 32
-31 24
-24 -26
21 -24
19 20
-17 16
-14 -17
12 -12
6 11
-10 -1
6 -3
-4 12
-24 -9
13 -30
36 15
-16 36
-37 -16
10 -36
32 12
-15 26
-26 -16
23 -26
30 28
-34 35
-39 -32
25 -43
41 18
-8 41
-43 5
-15 -38
36 -20
19 35
-35 13
-8 -37
37 -1
-5 34
-34 -3
1 -30
28 -6
13 22
-19 19
-21 -16
14 -16
9 17
