127 -136
18 -222
-24 -111
150 -35
-144 -23
-99 246
119 219
-21 50
-49 43
-127 -198
42 -52
158 227
-231 -147
-180 -169
-4 -79
201 62
-96 -33
-111 -43
-223 -110
-225 208
41 94
173 -203
-78 -214
-78 -250
-235 215
-56 -68
188 -40
-244 39
-169 -161
170 -245
-250 81
-17 -21
170 -154
205 -156
4 99
174 127
35 22
141 13
-96 -48
-201 29
100 118
124 -106
-53 146
-79 -218
-229 -15
-64 -52
-68 211
-111 -37
213 228
82 -49
-38 -132
64 191
51 -3
247 -39
136 27
112 -129
195 -125
-251 -149
37 41
242 172
17 181
-224 74
33 249
-139 246
-30 94
-206 146
-191 -78
155 144
-126 -233
0 -75
12 -73
-246 -190
193 247
-20 -43
246 -48
36 145
192 -34
-133 39
-196 77
-179 -240
-226 -49
-154 235
189 49
139 222
222 224
-215 131
-221 20
245 166
11 -251
148 126
-98 -204
-196 -232
-7 -161
-43 -14
213 -252
-175 184
-152 -14
-180 -180
235 -131
128 -227
-151 -151
85 -18
-144 -20
-26 -76
226 -30
42 -88
-181 37
66 253
-162 112
-214 -71
-147 37
14 -61
86 -66
-21 -39
-146 125
-143 -72
200 65
-102 181
-128 -195
203 -167
-195 231
85 245
-89 -127
-89 -110
167 174
26 155
74 -67
177 -70
49 -117
-87 -123
-148 254
64 -233
-122 90
244 1
-174 -198
151 -20
218 112
-17 236
58 15
-46 223
241 251
79 -18
139 -70
-44 -210
-180 177
-3 -44
179 132
91 28
-28 -12
-1 -120
-176 -187
102 -217
-151 178
91 -84
-193 89
49 -203
140 45
41 -198
94 -129
-37 -44
-114 111
245 190
239 162
117 -137
115 -79
74 236
-212 -102
14 -177
180 125
-149 -111
168 -88
-151 -256
-13 33
-103 -29
-80 -174
220 104
-241 23
113 -126
-64 -55
45 -131
-87 42
187 -229
182 52
25 -236
-234 186
17 -80
167 -199
34 48
-144 67
-91 144
-223 121
-65 150
-124 76
-123 211
-14 54
-208 121
-224 109
162 97
-221 215
-104 241
148 -88
-22 -208
210 157
26 94
-36 -168
-52 -10
-224 225
111 -186
113 82
124 -157
97 65
-123 62
-251 -30
-77 82
203 -27
125 180
-106 106
-162 -37
-173 62
-218 72
-32 199
-117 253
-135 117
-181 3
-15 -231
117 -201
-56 184
-176 213
-184 88
208 -19
-76 237
-175 -216
191 -59
156 -248
120 47
-4 35
-50 -250
186 46
-164 -72
218 -243
165 246
96 -189
-16 26
199 186
247 94
-240 -239
167 -31
82 -31
-27 137
38 256
153 -124
68 198
149 -231
-226 -86
-57 118
-41 -1
84 24
69 -141
198 -193
57 -8
59 192
193 73
137 -27
128 -186
-197 -184
-152 248
-197 242
175 -36
-61 131
-24 30
-219 132
-244 244
237 -235
-175 -76
222 -12
-135 -167
-218 -74
89 199
-213 -221
-225 -209
100 -151
-255 59
-176 -116
-116 127
-95 -100
110 136
37 -127
8 88
40 -189
-254 227
-76 -28
23 -73
-209 -169
-117 0
47 -25
-254 -223
-241 199
-63 209
-172 145
-99 -14
-118 152
-99 193
43 88
20 -220
149 -193
-65 -38
129 145
78 46
27 -14
180 -239
-38 -164
38 222
138 47
20 3
248 -144
-202 232
-102 -71
-62 -21
-14 170
-142 149
-92 -30
-140 64
-245 234
-249 84
146 -120
-247 114
207 31
-156 243
56 -102
12 -2
106 -111
-75 -218
133 -199
3 -218
136 255
-71 51
218 148
206 185
27 168
11 224
-165 -238
56 -185
117 116
193 191
-14 -65
129 -146
-164 39
-246 -243
-190 -234
185 222
152 -50
-160 146
-169 -132
90 56
-51 202
223 66
-12 218
-50 254
-159 -180
-84 -244
-30 211
-186 -181
246 -210
-31 111
156 -167
163 -175
-138 -11
72 230
-124 124
-193 88
-48 -220
-222 -99
-200 224
15 183
-148 201
-243 45
253 -173
126 -166
247 127
232 228
-15 81
250 22
181 50
-98 -136
232 164
-198 148
-196 46
-256 -33
-101 26
-67 -75
-195 254
109 -69
235 239
-91 -244
148 143
88 -31
-200 67
115 -95
196 216
-256 -142
-204 -64
-66 -98
213 -237
256 54
-169 172
-168 45
-204 -70
54 -185
-45 -197
-125 247
-153 21
-160 -212
197 -125
67 -149
63 -95
81 207
-166 11
65 -173
193 -183
-165 -224
75 182
197 243
-128 220
44 -46
-7 206
174 -8
-230 -16
123 -170
28 -214
-36 68
143 -97
-53 -17
-73 -148
82 -256
-54 153
-165 -68
-229 -249
-130 110
206 -144
247 97
-8 -130
-182 -120
6 -189
253 -80
135 131
239 200
221 108
-135 -130
-206 -25
-46 221
-189 59
131 -124
-78 67
-26 100
-154 -49
121 -157
-152 -99
138 99
-133 67
58 -128
-79 -234
114 16
-196 -166
-164 11
-157 190
-72 58
-49 -117
-141 182
87 -176
235 -123
-35 88
156 -141
153 167
254 -90
-148 -6
-88 135
135 122
132 70
237 -129
36 120
56 -82
-69 -101
-80 -191
51 -251
13 218
-8 210
80 -60
-237 103
-159 88
220 -191
43 -153
-249 207
-106 201
-233 -63
151 -128
108 53
19 64
45 -246
-148 164
-44 9
8 210
174 -196
82 229
-10 219
181 -208
-9 -43
-117 -91
119 178
241 230
-64 118
-134 94
-132 73
-247 -94
248 119
155 -176
33 133
-57 -209
78 240
253 56
110 203
-204 -157
-27 250
99 -133
-86 -142
216 -50
68 144
222 174
-38 -46
-102 -50
200 139
-248 -129
-181 188
236 93
110 245
-99 -161
168 -146
158 -96
210 129
73 -68
66 54
-196 -60
215 26
64 -59
-124 85
232 -249
-233 161
-246 -77
-211 111
9 235
194 4
-50 85
31 -36
50 179
-218 79
-56 2
-74 -67
-131 95
-201 -206
-199 -232
-119 189
-120 78
224 57
-161 -40
4 2
-181 -172
216 -209
220 95
-186 -183
191 15
-250 -255
114 -38
194 -141
-58 82
-130 2
-199 51
178 -154
82 -186
143 -244
-73 225
-162 100
-251 28
-212 -105
-87 -235
-102 181
3 50
-58 -247
224 222
-175 -251
143 72
-165 148
157 14
32 -107
-15 66
-72 -38
-66 24
-60 -159
-125 125
242 -147
82 -205
3 203
-155 165
-203 196
199 -211
-70 103
-24 -169
-223 171
180 117
-113 142
211 135
-226 -227
59 56
33 204
86 8
-84 3
-237 -125
-110 242
221 42
154 240
-87 -235
122 -160
35 10
-248 72
-38 -82
-241 76
146 -74
247 180
97 22
143 89
50 -125
-110 -194
126 -236
99 199
-29 130
-41 155
-179 -30
21 -218
-156 -177
128 -130
111 -216
105 181
121 -176
80 60
201 15
-5 -158
-81 133
237 59
-192 -178
-149 -23
-177 93
158 -112
-222 64
-5 227
50 34
-69 99
97 246
183 205
206 76
232 248
205 -172
-253 5
-235 65
190 154
-29 -42
-29 -228
-87 10
226 -187
109 -68
225 101
16 -190
-245 147
164 -231
-109 162
188 188
185 -155
26 55
-22 255
180 -235
-78 -185
-134 -142
-230 43
-187 88
40 114
207 2
139 74
105 -238
-40 -157
235 128
131 -98
-69 128
26 181
-143 -206
-125 50
121 113
-95 35
-40 -136
127 211
-75 231
-27 8
-239 106
117 153
62 -154
-192 -202
-146 61
-98 -245
-241 -237
-153 -197
-222 163
-256 -63
70 -139
155 -68
-54 -167
-122 141
-111 -87
110 -95
-157 115
41 44
-130 142
224 -72
33 -162
195 38
253 -9
229 -40
-11 -94
-192 242
-224 -124
-58 34
30 -76
217 -96
223 -252
167 86
-162 198
-55 -40
212 184
18 230
-25 -64
-110 -152
63 -165
-163 -99
219 180
110 13
171 168
-2 -202
238 60
176 34
-198 -123
224 -255
97 -109
-99 165
185 203
230 254
93 -252
32 119
-180 -213
249 68
162 157
211 169
94 34
-101 -123
119 146
-115 -170
59 -116
-105 -254
9 -53
123 -243
125 182
-50 -151
-174 185
-245 -228
-202 -142
222 -233
59 129
68 102
-253 215
-146 210
-215 157
-174 256
-209 154
-188 -91
-220 -244
-119 119
-236 -14
125 -55
228 185
-143 -227
52 -59
-33 -184
-167 -233
-157 102
-159 212
221 -60
-5 -132
152 209
-162 104
-140 203
179 230
-3 224
249 255
-168 -53
231 82
-60 166
-27 63
-72 103
-182 -5
162 5
-163 143
171 -236
-48 206
-40 119
17 59
-36 131
-255 -111
84 -151
-125 78
47 220
-73 156
25 -77
144 -118
30 125
-102 114
-20 183
216 215
198 -118
195 97
241 61
129 -220
-249 -160
253 -84
-23 -97
11 -41
-211 -211
146 31
112 86
23 -197
125 -95
96 247
57 198
-214 -245
-63 186
-49 -131
96 -34
-49 -187
28 -146
61 141
-42 -212
177 -51
26 46
161 -156
-95 101
184 48
-145 -18
-197 -133
-212 -45
-177 139
155 -238
238 55
-156 -216
143 -43
-243 249
-198 176
-161 -230
218 117
26 -198
-241 -7
193 189
231 -248
-9 164
-34 146
61 -157
-138 212
103 94
247 199
-173 109
67 -8
73 171
70 -210
250 -243
-58 -84
-122 -7
-22 -141
-198 28
-73 93
146 172
-100 203
118 -32
74 -51
174 -31
11 -98
-61 -27
61 238
54 -19
18 -2
118 -245
-63 -158
-194 204
-68 -57
159 -204
204 -77
-79 -165
-248 -129
-242 72
179 244
225 216
135 -229
239 207
-4 -159
28 253
78 -89
243 -140
207 228
-244 159
38 218
118 112
-179 195
-231 187
18 -73
-236 -187
0 157
-149 93
-12 -35
79 229
-231 231
184 -240
-236 -115
72 -222
3 168
40 -53
194 42
-162 -80
-153 242
-189 53
165 86
121 186
202 -41
-175 -219
-40 191
66 100
50 175
-105 90
145 103
-61 203
249 45
-151 -90
144 254
177 -150
-20 -110
92 171
152 139
-136 -154
129 136
215 59
254 238
196 2
2 -11
-253 44
-249 246
-207 -77
147 -123
27 46
113 126
-139 -214
-250 -64
-195 -212
68 -93
-249 -24
226 -174
256 -226
-62 -28
203 -110
46 -154
172 5
-9 -247
-226 169
-20 -154
-93 -38
210 120
204 14
78 -118
-130 137
-136 233
25 -196
-55 -244
131 -40
-55 -223
-120 -192
-79 -209
223 -137
-65 -148
-9 56
-134 -54
16 116
-149 237
-105 128
16 -216
4 189
0 -70
211 152
118 147
205 -87
156 231
-27 169
