20625
-20931
26594
-29815
-24445
14626
27091
-9998
8674
10526
-26375
-7611
-14516
8346
3072
-31349
29983
26907
30466
19697
-22438
16112
30840
20520
29960
-7648
-958
7686
19679
4948
-23469
1969
-5127
-14741
27245
-16474
19150
-3169
30113
-17844
10206
19952
-30427
31857
22880
-30802
28442
2337
11713
-27061
16891
19798
15934
32056
-7063
-28380
10189
28796
-21549
-31576
13503
12048
-30681
18595
-14619
2237
-29742
25255
-26402
26149
21198
8253
12768
-23732
-11986
-18494
29505
-20831
-30510
-30027
-4014
-25759
-7762
7631
17401
28813
19346
-9538
-20521
-5857
-671
31742
-3566
29201
9589
11576
13721
32001
16691
17487
-14678
-10702
11777
10642
10164
-16766
-22111
-13401
-24969
11808
-107
1825
30129
-5794
-10460
6726
5588
16418
-18100
5474
16467
3394
-16050
5477
390
775
13046
-27355
25618
14390
30100
32516
3094
-9533
-23683
30884
-22984
-10063
-15892
25332
22329
-2969
-16103
-5674
20597
-18498
-16808
-24533
28132
-12523
-9831
14818
-19884
18538
-16313
12700
7605
-32125
-1751
22492
-9721
27678
21681
17757
5588
-29972
3259
-7983
27341
13391
-14035
15041
16856
-18070
16628
-15135
-7835
11340
4445
-1475
-27796
8108
-29232
-17272
2018
-21160
18295
21603
28443
17493
-24254
28474
4510
-25697
-2006
-20825
-31987
-26273
-10674
-671
-22139
-20103
19286
25945
-12372
-26274
1870
-29873
-21912
3755
6683
17858
-15534
-12325
10098
-21038
12400
-10554
16263
-18996
-3241
665
-27274
26631
-17761
8449
27088
-26113
-22781
-7153
21352
-29188
2513
84
32514
-4475
-27644
32608
-3757
20421
-25778
-940
30270
25850
-32464
-23753
18016
-7209
20794
28007
24162
27360
-27234
13997
-6568
7755
-15737
-10270
19665
28575
-4495
-24590
26912
15111
-20850
9599
-15479
21833
-23230
-6666
-23850
16372
24202
21969
5223
-11635
3268
3425
-23268
31400
23136
3231
7999
-11113
-9768
7830
868
-9133
-6435
16810
-27789
-5643
-17045
-502
-24686
12762
-20715
30981
-17042
-11288
-5422
22138
-29513
15668
26392
29764
29149
-30675
-599
-9380
-704
10660
-10635
-14319
26218
-17669
-8569
13836
-25480
8164
18366
5938
-7226
10514
-16928
-29651
-6297
-9910
-26446
-3189
-24119
-16980
28970
14093
29893
23342
4929
-14319
-28850
15142
-17381
-23739
-9623
22067
21049
-23684
-31758
5781
-29948
-8771
-21693
20103
9772
248
15186
-682
9683
24710
-3216
-9624
3081
-3313
-13348
30377
16036
-29996
-20384
30995
12240
-20368
-20741
10952
-8619
5665
8232
11476
18365
-9108
-27451
7882
28140
20391
18069
-31505
-866
-27271
-4204
31116
-3488
9919
-12691
-17613
558
-6325
706
-24771
20816
-15175
19322
-15870
9458
-11032
-7955
-22791
20419
-9961
2151
-24795
-9783
25175
28770
-26589
24637
28183
3287
-6618
8026
-29661
5704
-10330
-19153
15464
-13025
19312
-1906
2943
-17662
12204
22564
25797
-20004
-29177
-17962
-12867
-21580
-29740
-17848
-19957
-4214
14429
-12379
14533
27746
24759
-4574
5402
-20656
-28135
26534
27705
31440
19685
-4006
-14028
-25485
2861
-15855
31770
-5982
14134
6219
22214
-15583
-4374
6740
-1925
13842
3979
-18235
-15133
-25073
16319
-13325
255
-11876
9621
-4970
-12599
515
-23676
-27163
-1601
-15566
-9014
19727
18882
-30853
18369
28105
11043
15095
-24018
-747
-31355
5146
3922
-17217
-13053
-2697
28797
30349
31516
3067
-13984
1385
19714
-17590
25959
-728
6391
8130
25167
11740
29080
-6847
3222
-8688
14967
31980
5030
-30294
-31073
25242
-3504
27085
9588
19410
1390
-26298
-8368
-15606
28648
-10790
21596
11778
22877
-23818
-8353
14498
6107
-25771
24415
10076
28410
-382
11040
18288
-19216
14092
10083
26458
-28046
25619
-6113
-10868
10940
13025
28424
-19804
20378
-30766
-1013
15995
16826
1
-5436
-1316
30918
26523
31979
7200
23864
7711
-7282
23556
-2966
20020
-16601
5028
18640
-20780
25089
-17044
27113
25330
3820
-30888
6479
-662
-23011
-21762
26195
31370
-3251
13939
-19289
31
26191
-1895
17209
-28860
25066
11926
-14093
-29987
11352
-28085
10766
1419
-24719
-26428
-6074
20850
-14727
20810
14199
14578
-14196
-22946
25965
10460
21402
1219
-7207
30996
-137
9764
12767
19682
21913
-3028
7185
-4431
4898
21319
-11400
-27297
-2856
-24040
14011
-21404
25192
-7147
14474
21717
-31548
19881
11454
-28805
-4030
-6602
-4075
1761
-25097
-5453
20623
10280
-11478
8387
-16631
-13632
-10308
-4479
-8147
-31753
3051
31723
4058
-21812
-6827
-25807
-6676
-8362
1007
-19784
10324
-676
29551
-10519
14572
29598
-6548
27546
21749
-29315
-23964
15588
-28805
-15131
-27246
-5057
-22026
3137
-11520
29015
-12994
-5391
-32002
31657
2615
-13012
-26517
13179
-23166
10901
8594
2564
23548
12983
31078
10913
4642
-21094
32561
-24378
3509
32707
1013
-21553
-11096
-30631
-4587
4011
-537
25026
-28112
11087
25410
-20287
-28532
-8591
-4182
-2574
21406
31564
-6912
-22518
7437
23299
20882
9487
25312
-8109
28253
-20255
-20264
-4702
-15821
-1178
26074
-24863
6118
5866
252
-17944
7393
-7561
20933
5439
2090
-16265
-19525
-13733
-3022
7674
-4724
-15382
30543
21258
7868
31631
12805
15089
14428
-10232
-10034
5509
1113
-25705
3715
26627
-22512
24881
4067
20824
12766
-15681
-4820
6184
22037
-31292
15164
-4898
-9173
-12273
-3001
-22185
-7445
-21052
18058
-5054
15353
-26592
-4569
6457
12698
-1905
29177
12842
18627
13100
13472
9079
-25602
-30565
-7213
-28258
5957
-11823
-2662
2023
-29468
10122
-17780
-6054
21901
20970
-31742
14310
23836
30713
-27651
2053
11078
-11459
14
-25845
-18481
7272
4693
18271
-24760
-5017
11217
-26815
6526
-15304
-29099
-22698
-29075
-14352
-22773
-3927
-31482
1779
-4248
-2790
21772
24600
7693
1183
1319
29073
23846
9025
-26365
29995
26742
-16993
-25689
11542
1114
-13824
-23386
11259
3891
12789
-32467
-28312
17477
-16070
22853
-18085
27316
10999
31913
22570
336
-10193
-14980
18384
-26165
11490
514
-32327
5610
6696
17228
-7420
-27331
27262
10590
-32692
1113
-2461
-21558
-4958
28741
-2561
5930
17705
-3891
-11634
28961
18660
10218
-1877
-3149
-30424
22262
-21242
2138
14533
3531
-1738
11801
-22759
-8704
-10412
-17086
7038
5172
-20201
24044
15625
-6109
-16852
-25387
27356
-3680
-15135
-13095
17400
-6463
-20404
21847
-13926
-6316
-26796
-7197
4994
-9145
12017
-23576
3053
-15720
-4867
-27078
9466
-4627
9674
-15906
11732
-13267
8899
-4924
29174
-24955
-19075
-323
13715
13527
-17286
-16805
-24943
18682
7032
-27912
-3268
-6954
-2705
-32545
10613
-18305
17713
-32682
-9816
-20370
10617
-23430
-5495
-15199
22408
-21306
21818
-23681
-15962
6480
7436
26283
5390
28795
2670
-18272
24244
-1136
-15415
-8126
-11923
1558
-24955
-15409
28824
-28288
9539
-4173
-1346
-21374
9130
-31057
2930
29797
9654
-4548
2876
30248
14486
17197
1474
-32286
32355
11799
-18437
13497
-25834
9511
-25578
3428
-28600
-18474
-6253
17850
-3383
-17824
-8794
-8463
17269
25620
8382
23355
17824
-6394
28367
-11926
30981
7119
-20183
26882
-23666
26810
12862
6003
-26619
-10972
1665
23138
1989
-3775
23667
26499
-993
-30593
-6982
2125
11235
14188
15811
-21017
1314
-10713
-9980
-20466
-22937
-11670
5642
-6301
-15588
3183
-29854
-29573
16707
3456
-16857
-14758
-3775
-16941
12307
-16833
-9225
-22665
15489
29911
-6900
28551
12020
20887
13372
14959
-3781
-21246
-31484
-9151
-11085
-20395
-4960
-32689
-15055
-12031
-19854
13082
21084
8209
-4593
2822
25413
-3995
-7131
-13931
17636
109
-6764
17140
20218
17197
16716
4984
-8035
16231
-18611
9538
19032
-24692
29445
288
-11300
-10010
11224
-26729
-4021
-23078
21856
-19780
17619
11290
-21807
-4488
23722
12740
32104
-15939
945
-32128
25184
2116
5769
-14458
-22626
29244
-19669
26636
-6098
-7033
16299
-31139
21337
11235
19003
22096
-11893
30900
2232
-29036
-26873
-3256
-25447
5405
-23836
12231
11708
14381
-316
9833
-20335
14871
-327
-8267
-23094
5346
-29165
-25158
22984
-28989
3969
31441
28154
-14102
12889
6224
5426
30288
20670
-20593
24839
-20117
32041
-10378
-32733
28370
23949
-7165
7377
-14862
32109
-22810
1814
-6743
-1342
-8210
19749
-24175
-17836
-4257
-125
-26770
26270
7512
4893
-32048
22621
4801
15639
18987
5635
-17343
-16598
-3407
10906
4545
-27296
-28744
8255
-243
10548
9327
15057
-18267
25608
22089
31608
30872
17631
22700
5338
393
28069
-14491
5249
16162
-31655
-17240
-24847
29972
23770
7881
-1029
6571
22600
-21456
-19044
-26847
3427
-16039
8512
23499
-30671
26939
7518
13083
-9017
14757
-29521
-17702
-684
4984
-20151
20357
-24701
-6302
-19300
32010
-23166
-26869
-20377
-11735
-29972
748
8860
-28796
-14295
14790
2529
3706
12790
1924
-58
21625
2346
23511
-3592
18942
-24646
-11938
-632
-3132
23134
16530
24505
-25568
-15054
-25576
-19106
-15081
4258
1615
9195
30975
-5438
13789
-19269
-12330
29355
-13667
-27389
22961
-25840
26977
-23459
9127
-21859
-16032
7927
-26957
4831
22168
-29355
5552
28259
29367
14985
-28768
15587
5547
-28612
-14083
23621
21478
28469
-20251
31745
-3766
23523
-6985
18714
21402
877
11591
-21128
-19162
-6646
-11921
-23990
-23998
-30743
11237
28779
4652
-13021
-21642
-13400
-23091
-10949
-1568
-2158
26745
9712
3419
-31114
-30609
22427
-29238
3869
19992
23206
-3187
-9969
-7691
-3537
18982
-29213
-8894
-21161
2120
10670
13871
-11087
24345
26115
-11227
-25024
9838
32008
31118
2620
-27789
13560
5703
32734
-5643
-13903
-12508
-5602
-15477
-2304
16958
17298
32454
20854
-20541
-26199
18425
-21095
-19936
-9199
32267
-29051
19809
1434
-4966
-10758
14999
-21255
-108
-19074
20250
26552
-9404
11494
-27967
-2066
5963
27009
26882
-25951
-20069
16092
-4432
15484
16329
4054
-30200
-20696
29250
6371
17280
-13111
3855
-23978
-20719
-18835
-134
25883
1170
-28085
32390
-16876
23255
-29245
30304
-3819
11727
-31897
-6324
26030
28506
-19880
-1344
-26648
-17577
-12624
-6797
-2880
13440
-26105
3838
32465
16818
-11004
32471
-13281
30305
-28701
2298
-13222
30400
-29730
-25190
356
-29396
17133
-12822
8590
5255
-26876
2029
-27468
26293
18169
2657
26551
-4458
2213
2796
-25614
13921
21352
-31675
-10610
19721
-13502
-23428
16142
-1411
-32090
-15936
-29593
-8579
11004
10601
6781
-21652
1711
-14497
15054
-19777
13582
-19983
18440
-11348
-13895
24925
12618
-1894
3714
-6293
-6782
-21022
-28731
30731
18361
-6065
-10644
22576
7069
7558
15811
-8086
-25899
24719
-24386
18668
3247
-2297
-968
20576
25590
26112
19592
-4637
15358
-10857
-29403
6334
-27991
26344
-26966
13242
19552
-8031
29033
15398
12040
29760
-24111
2806
14596
2628
-25535
-12379
-25068
-28099
9222
-20841
-11219
-26673
10080
-2393
16327
-32156
5452
27199
15731
9355
-17378
-32675
15398
-30776
30841
-19105
24047
-2951
-27116
-24427
-8753
-32201
-8572
14882
12126
-9560
6419
18379
18963
-4151
-8673
-4158
-19265
-29542
-27088
-29515
17821
-26797
-19289
6163
-7322
-16968
3393
22372
-17763
23410
9302
30383
-1017
-727
-22816
-18329
18476
-17943
-26174
2411
-13496
17177
-17211
-9990
2023
-2541
-26771
9131
-6205
27350
-25896
-22179
-25409
14132
18640
5095
-13659
-4371
6785
25181
30436
-7009
-4425
-21038
12763
8738
16915
8126
-4414
-11276
10191
19855
-25575
32733
28426
31521
-20482
-24442
-15323
-17548
19518
-31219
-812
7041
17626
-25506
-6815
-6065
-14880
25170
-30327
3154
11357
-8585
-4616
-19114
-3163
-3870
7199
29897
-28875
-24639
-12071
-1916
17873
23389
12873
-29924
-24554
12558
-24238
31390
-26715
-14204
-32255
-24000
-5039
12142
10195
26834
14609
7266
2045
26213
-25636
-20091
8635
16674
-24477
-10075
-23966
-5333
-26306
-22562
-23460
20906
-21741
8187
-19906
15634
-11961
19996
-12030
-28362
-18509
29543
-16315
-159
25750
16721
13318
15886
3653
21701
-20681
-22511
-18872
-2798
-27699
7740
27118
28323
13547
21960
3787
25914
-12227
5408
-21875
5423
8028
23260
31977
-30483
-21598
25259
-15873
-6047
-6763
-30383
-27918
16131
12065
-22621
-6397
-23336
31643
6944
-6410
-16090
7908
-11524
-22651
-6436
-7776
-6136
-22208
-7458
16915
7196
24321
-21830
-9779
-20441
12159
-26566
-13490
-11587
2007
17668
21785
-17425
6389
15752
-10793
12636
-13158
21238
-3107
21494
-5069
-13542
-9201
-12493
3822
1509
15895
-11449
-4959
21747
-4630
20335
-24584
3735
-31166
-15534
-13750
11833
-11959
-17455
10072
-2856
29945
-7565
28556
2530
-2760
32224
-17008
16726
17295
31487
16995
-17381
15771
1872
15970
-29397
-25826
16834
11899
6683
-2408
23407
-18863
31999
-26311
28146
21205
-5930
-21298
-32745
-22048
2679
10878
-19154
25846
-18397
1085
-11416
13284
-26479
-22702
16222
29717
16286
2679
2838
11779
-10608
-30371
21779
20264
3445
16293
29985
-24891
25744
1641
-9404
-11414
3041
3044
-10048
-6627
8048
-5564
19439
-20923
16113
-16031
-24540
-31422
21128
27766
-31119
10073
-5608
28351
15165
-22052
18440
27597
-8697
19310
16047
5072
25707
-3930
-16868
-15885
-24274
16511
-18018
-17782
-9829
-28561
-13953
17519
28015
11220
-29405
14104
6073
9310
-22092
-5305
22177
-7159
-21786
20718
144
-11965
32724
20613
-9476
18944
-29682
23086
-18765
369
-6695
8891
-10901
29549
-17720
-3672
28581
-28834
12005
24035
30285
8597
-4065
-9498
28857
32571
-32385
-18076
7229
9991
19731
6881
-17499
-7389
28342
-23449
17253
-31120
21394
-5170
4814
-20702
19174
14796
-11204
-8496
-18123
22384
-12295
15350
5539
4655
21621
-21177
-13732
29975
-6386
-15380
23727
27825
7519
-18103
32190
-8286
-19418
-27033
21444
9183
11525
