20625
-306
26288
-3527
-27972
-13346
13745
3747
12421
22947
-3428
-11039
-25555
-17209
-14137
-45486
-15503
11404
41870
61567
39129
55241
86081
106601
136561
128913
127955
135641
155320
160268
136799
138768
133641
118900
146145
129671
148821
145652
175765
157921
168127
188079
157652
189509
212389
181587
210029
212366
224079
197018
213909
233707
249641
281697
274634
246254
256443
285239
263690
232114
245617
257665
226984
245579
230960
233197
203455
228710
202308
228457
249655
257908
270676
246944
234958
216464
245969
225138
194628
164601
160587
134828
127066
134697
152098
180911
200257
190719
170198
164341
163670
195412
191846
221047
230636
242212
255933
287934
304625
322112
307434
296732
308509
319151
329315
312549
290438
277037
252068
263876
263769
265594
295723
289929
279469
286195
291783
308201
290101
295575
312042
315436
299386
304863
305253
306028
319074
291719
317337
331727
361827
394343
397437
387904
364221
395105
372121
362058
346166
371498
393827
390858
374755
369081
389678
371180
354372
329839
357971
345448
335617
350435
330551
349089
332776
345476
353081
320956
319205
341697
331976
359654
381335
399092
404680
374708
377967
369984
397325
410716
396681
411722
428578
410508
427136
412001
404166
415506
419951
418476
390680
398788
369556
352284
354302
333142
351437
373040
401483
418976
394722
423196
427706
402009
400003
379178
347191
320918
310244
309573
287434
267331
286617
312562
300190
273916
275786
245913
224001
227756
234439
252297
236763
224438
234536
213498
225898
215344
231607
212611
209370
210035
182761
209392
191631
200080
227168
201055
178274
171121
192473
163285
165798
165882
198396
193921
166277
198885
195128
215549
189771
188831
219101
244951
212487
188734
206750
199541
220335
248342
272504
299864
272630
286627
280059
287814
272077
261807
281472
310047
305552
280962
307874
322985
302135
311734
296255
318088
294858
288192
264342
280714
304916
326885
332108
320473
323741
327166
303898
335298
358434
361665
369664
358551
348783
356613
357481
348348
341913
358723
330934
325291
308246
307744
283058
295820
275105
306086
289044
277756
272334
294472
264959
280627
307019
336783
365932
335257
334658
325278
324574
335234
324599
310280
336498
318829
310260
324096
298616
306780
325146
331084
323858
334372
317444
287793
281496
271586
245140
241951
217832
200852
229822
243915
273808
297150
302079
287760
258910
274052
256671
232932
223309
245376
266425
242741
210983
216764
186816
178045
156352
176455
186227
186475
201661
200979
210662
235372
232156
222532
225613
222300
208952
239329
255365
225369
204985
235980
248220
227852
207111
218063
209444
215109
223341
234817
253182
244074
216623
224505
252645
273036
291105
259600
258734
231463
227259
258375
254887
264806
252115
234502
235060
228735
229441
204670
225486
210311
229633
213763
223221
212189
204234
181443
201862
191901
194052
169257
159474
184649
213419
186830
211467
239650
242937
236319
244345
214684
220388
210058
190905
206369
193344
212656
210750
213693
196031
208235
230799
256596
236592
207415
189453
176586
155006
125266
107418
87461
83247
97676
85297
99830
127576
152335
147761
153163
132507
104372
130906
158611
190051
209736
205730
191702
166217
169078
153223
184993
179011
193145
199364
221578
205995
201621
208361
206436
220278
224257
206022
190889
165816
182135
168810
169065
157189
166810
161840
149241
149756
126080
98917
97316
81750
72736
92463
111345
80492
98861
126966
138009
153104
129086
128339
96984
102130
106052
88835
75782
73085
101882
132231
163747
166814
152830
154215
173929
156339
182298
181570
187961
196091
221258
232998
262078
255231
258453
249765
264732
296712
301742
271448
240375
265617
262113
289198
298786
318196
319586
293288
284920
269314
297962
287172
308768
320546
343423
319605
311252
325750
331857
306086
330501
340577
368987
368605
379645
397933
378717
392809
402892
429350
401304
426923
420810
409942
420882
433907
462331
442527
462905
432139
431126
447121
463947
463948
458512
457196
488114
514637
546616
553816
577680
585391
578109
601665
598699
618719
602118
607146
625786
605006
630095
613051
640164
665494
669314
638426
644905
644243
621232
599470
625665
657035
653784
667723
648434
648465
674656
672761
689970
661110
686176
698102
684009
654022
665374
637289
648055
649474
624755
598327
592253
613103
598376
619186
633385
647963
633767
610821
636786
647246
668648
669867
662660
693656
693519
703283
716050
735732
757645
754617
761802
757371
762269
783588
772188
744891
742035
717995
732006
710602
735794
728647
743121
764838
733290
753171
764625
735820
731790
725188
721113
722874
697777
692324
712947
723227
711749
720136
703505
689873
679565
675086
666939
635186
638237
669960
674018
652206
645379
619572
612896
604534
605541
585757
596081
595405
624956
614437
629009
658607
652059
679605
701354
672039
648075
663663
634858
619727
592481
587424
565398
568535
557015
586030
573036
567645
535643
567300
569915
556903
530386
543565
520399
531300
539894
542458
566006
578989
610067
620980
625622
604528
637089
612711
616220
648927
649940
628387
617291
586660
582073
586084
585547
610573
582461
593548
618958
598671
570139
561548
557366
554792
576198
607762
600850
578332
585769
609068
629950
639437
664749
656640
684893
664638
644374
639672
623851
622673
648747
623884
630002
635868
636120
618176
625569
618008
638941
644380
646470
630205
610680
596947
593925
601599
596875
581493
612036
633294
641162
672793
685598
700687
715115
704883
694849
700358
701471
675766
679481
706108
683596
708477
712544
733368
746134
730453
725633
731817
753854
722562
737726
732828
723655
711382
708381
686196
678751
657699
675757
670703
686056
659464
654895
661352
674050
672145
701322
714164
732791
745891
759363
768442
742840
712275
705062
676804
682761
670938
668276
670299
640831
650953
633173
627119
649020
669990
638248
652558
676394
707107
679456
681509
692587
681128
681142
655297
636816
644088
648781
667052
642292
637275
648492
621677
628203
612899
583800
561102
532027
517675
494902
490975
459493
461272
457024
454234
476006
500606
508299
509482
510801
539874
563720
572745
546380
576375
603117
586124
560435
571977
573091
559267
535881
547140
551031
563820
531353
503041
520518
504448
527301
509216
536532
547531
579444
602014
602350
592157
577177
595561
569396
580886
581400
549073
554683
561379
578607
571187
543856
571118
581708
549016
550129
547668
526110
521152
549893
547332
553262
570967
567076
555442
584403
603063
613281
611404
608255
577831
600093
578851
580989
595522
599053
597315
609116
586357
577653
567241
550155
557193
562365
542164
566208
581833
575724
558872
533485
560841
557161
542026
528931
546331
539868
519464
541311
527385
521069
494273
487076
492070
482925
494942
471366
474419
458699
453832
426754
436220
431593
441267
425361
437093
423826
432725
427801
456975
432020
412945
412622
426337
439864
422578
405773
380830
399512
406544
378632
375364
368410
365705
333160
343773
325468
343181
310499
300683
280313
290930
267500
262005
246806
269214
247908
269726
246045
230083
236563
243999
270282
275672
304467
307137
288865
313109
311973
296558
288432
276509
278067
253112
237703
266527
238239
247778
243605
242259
220885
230015
198958
201888
231685
241339
236791
239667
269915
284401
301598
303072
270786
303141
314940
296503
310000
284166
293677
268099
271527
242927
224453
218200
236050
232667
214843
206049
197586
214855
240475
248857
272212
290036
283642
312009
300083
331064
338183
318000
344882
321216
348026
360888
366891
340272
329300
330965
354103
356092
352317
375984
402483
401490
370897
363915
366040
377275
391463
407274
386257
387571
376858
366878
346412
323475
311805
317447
311146
295558
298741
268887
239314
256021
259477
242620
227862
224087
207146
219453
202620
193395
170730
186219
216130
209230
237781
249801
270688
284060
299019
295238
273992
242508
233357
222272
201877
196917
164228
149173
137142
117288
130370
151454
159663
155070
157892
183305
179310
172179
158248
175884
175993
169229
186369
206587
223784
240500
245484
237449
253680
235069
244607
263639
238947
268392
268680
257380
247370
258594
231865
227844
204766
226622
206842
224461
235751
213944
209456
233178
245918
278022
262083
263028
230900
256084
258200
263969
249511
226885
256129
236460
263096
256998
249965
266264
235125
256462
267697
286700
308796
296903
327803
330035
300999
274126
270870
245423
250828
226992
239223
250931
265312
264996
274829
254494
269365
269038
260771
237677
243023
213858
188700
211684
182695
186664
218105
246259
232157
245046
251270
256696
286984
307654
287061
311900
291783
323824
313446
280713
309083
333032
325867
333244
318382
350491
327681
329495
322752
321410
313200
332949
308774
290938
286681
286556
259786
286056
293568
298461
266413
289034
293835
309474
328461
334096
316753
300155
296748
307654
312199
284903
256159
264414
264171
274719
284046
299103
280836
306444
328533
360141
391013
408644
431344
436682
437075
465144
450653
455902
472064
440409
423169
398322
428294
452064
459945
458916
465487
488087
466631
447587
420740
424167
408128
416640
440139
409468
436407
443925
457008
447991
462748
433227
415525
414841
419825
399674
420031
395330
389028
369728
401738
378572
351703
331326
319591
289619
290367
299227
270431
256136
270926
273455
277161
289951
291875
291817
313442
315788
339299
335707
354649
330003
318065
317433
314301
337435
353965
378470
352902
337848
312272
293166
278085
282343
283958
293153
324128
318690
332479
313210
300880
330235
316568
289179
312140
286300
313277
289818
298945
277086
261054
268981
242024
246855
269023
239668
245220
273479
302846
317831
289063
304650
310197
281585
267502
291123
312601
341070
320819
352564
348798
372321
365336
384050
405452
406329
417920
396792
377630
370984
359063
335073
311075
280332
291569
320348
325000
311979
290337
276937
253846
242897
241329
239171
265916
275628
279047
247933
217324
239751
210513
214382
234374
257580
254393
244424
236733
233196
252178
222965
214071
192910
195030
205700
219571
208484
232829
258944
247717
222693
232531
264539
295657
298277
270488
284048
289751
322485
316842
302939
290431
284829
269352
267048
284006
301304
333758
354612
334071
307872
326297
305202
285266
276067
308334
279283
299092
300526
295560
284802
299801
278546
278438
259364
279614
306166
296762
308256
280289
278223
284186
311195
338077
312126
292057
308149
303717
319201
335530
339584
309384
288688
317938
324309
341589
328478
332333
308355
287636
268801
268667
294550
295720
267635
300025
283149
306404
277159
307463
303644
315371
283474
277150
303180
331686
311806
310462
283814
266237
253613
246816
243936
257376
231271
235109
267574
284392
273388
305859
292578
322883
294182
296480
283258
313658
283928
258738
259094
229698
246831
234009
242599
247854
220978
223007
195539
221832
240001
242658
269209
264751
266964
269760
244146
258067
279419
247744
237134
256855
243353
219925
236067
234656
202566
186630
157037
148458
159462
170063
176844
155192
156903
142406
157460
137683
151265
131282
149722
138374
124479
149404
162022
160128
163842
157549
150767
129745
101014
131745
150106
144041
133397
155973
163042
170600
186411
178325
152426
177145
152759
171427
174674
172377
171409
191985
217575
243687
263279
258642
274000
263143
233740
240074
212083
238427
211461
224703
244255
236224
265257
280655
292695
322455
298344
301150
315746
318374
292839
280460
255392
227293
236515
215674
204455
177782
187862
185469
201796
169640
175092
202291
218022
227377
209999
177324
192722
161946
192787
173682
197729
194778
167662
143235
134482
102281
93709
108591
120717
111157
117576
135955
154918
150767
142094
137936
118671
89129
62041
32526
50347
23550
4261
10424
3102
-13866
-10473
11899
-5864
17546
26848
57231
56214
55487
32671
14342
32818
14875
-11299
-8888
-22384
-5207
-22418
-32408
-30385
-32926
-59697
-50566
-56771
-29421
-55317
-77496
-102905
-88773
-70133
-65038
-78697
-83068
-76283
-51102
-20666
-27675
-32100
-53138
-40375
-31637
-14722
-6596
-11010
-22286
-12095
7760
-17815
14918
43344
74865
54383
29941
14618
-2930
16588
-14631
-15443
-8402
9224
-16282
-23097
-29162
-44042
-18872
-49199
-46045
-34688
-43273
-47889
-67003
-70166
-74036
-66837
-36940
-65815
-90454
-102525
-104441
-86568
-63179
-50306
-80230
-104784
-92226
-116464
-85074
-111789
-125993
-158248
-182248
-187287
-175145
-164950
-138116
-123507
-116241
-114196
-87983
-113619
-133710
-125075
-108401
-132878
-142953
-166919
-172252
-198558
-221120
-244580
-223674
-245415
-237228
-257134
-241500
-253461
-233465
-245495
-273857
-292366
-262823
-279138
-279297
-253547
-236826
-223508
-207622
-203969
-182268
-202949
-225460
-244332
-247130
-274829
-267089
-239971
-211648
-198101
-176141
-172354
-146440
-158667
-153259
-175134
-169711
-161683
-138423
-106446
-136929
-158527
-133268
-149141
-155188
-161951
-192334
-220252
-204121
-192056
-214677
-221074
-244410
-212767
-205823
-212233
-228323
-220415
-231939
-254590
-261026
-268802
-274938
-297146
-304604
-287689
-280493
-256172
-278002
-287781
-308222
-296063
-322629
-336119
-347706
-345699
-328031
-306246
-323671
-317282
-301530
-312323
-299687
-312845
-291607
-294714
-273220
-278289
-291831
-301032
-313525
-309703
-308194
-292299
-303748
-308707
-286960
-291590
-271255
-295839
-292104
-323270
-338804
-352554
-340721
-352680
-370135
-360063
-362919
-332974
-340539
-311983
-309453
-312213
-279989
-296997
-280271
-262976
-231489
-214494
-231875
-216104
-214232
-198262
-227659
-253485
-236651
-224752
-218069
-220477
-197070
-215933
-183934
-210245
-182099
-160894
-166824
-188122
-220867
-242915
-240236
-229358
-248512
-222666
-241063
-239978
-251394
-238110
-264589
-287291
-271069
-241352
-225066
-222387
-219549
-207770
-218378
-248749
-226970
-206706
-203261
-186968
-156983
-181874
-156130
-154489
-163893
-175307
-172266
-169222
-179270
-185897
-177849
-183413
-163974
-184897
-168784
-184815
-209355
-240777
-219649
-191883
-223002
-212929
-218537
-190186
-175021
-197073
-178633
-151036
-159733
-140423
-124376
-119304
-93597
-97527
-114395
-130280
-154554
-138043
-156061
-173843
-183672
-212233
-226186
-208667
-180652
-169432
-198837
-184733
-178660
-169350
-191442
-196747
-174570
-181729
-203515
-182797
-182653
-194618
-161894
-141281
-150757
-131813
-161495
-138409
-157174
-156805
-163500
-154609
-165510
-135961
-153681
-157353
-128772
-157606
-145601
-121566
-91281
-82684
-86749
-96247
-67390
-34819
-67204
-85280
-78051
-68060
-48329
-41448
-58947
-66336
-37994
-61443
-44190
-75310
-53916
-59086
-54272
-74974
-55800
-41004
-52208
-60704
-78827
-56443
-68738
-53388
-47849
-43194
-21573
-42750
-56482
-26507
-32893
-48273
-24546
3279
10798
-7305
24885
16599
-2819
-29852
-8408
775
12300
