20625 8597 16047 -7891
26593 -9498 25707 -11858
-24446 32571 -16869 31853
27091 -18077 -24275 14298
8674 9991 -18018 -5690
-26376 6880 -9830 -26305
-14517 -7390 -13954 15372
3072 -23450 28015 8998
29983 -31121 -29406 -27929
30466 -5170 6073 -24871
-22439 -20703 -22093 31561
30840 14796 22177 -210
29960 -8496 -21787 -31300
-959 22384 144 -29241
19679 15350 32724 -23536
-23470 4654 -9477 25786
-5128 -21178 -29683 -2241
27245 29975 -18766 3988
19150 -15380 -6696 -364
30113 27825 -10901 -28326
10206 -18103 -17721 26060
-30428 -8287 28581 -13857
22880 -27034 12005 -15136
28442 9182 30285 6173
11713 -20932 -4065 -1581
16891 -29816 28857 -8631
15933 14625 -32386 10198
-7064 -9999 7229 28717
10189 10526 19731 7892
-21550 -7611 -17500 -14232
13503 8345 28342 -19322
-30682 -31350 17253 -3989
-14620 26907 21394 -30983
-29743 19697 4814 24653
-26403 16111 19174 7215
21198 20520 -11204 -19426
12768 -7648 -18124 1305
-11987 7686 -12296 -29241
29505 4947 5539 23736
-30511 1969 21621 -3740
-4015 -14742 -13733 3146
-7763 -16474 -6387 4381
17400 -3170 23727 11822
19346 -17845 7519 -8430
-20522 19952 32190 -27642
-671 31857 -19419 -2861
-3567 -30803 21443 -29633
9588 2337 11525 15614
13720 -27062 -16453 -30278
16691 19797 -1587 29769
-14679 32056 -6615 15884
11776 -28381 6516 28668
10164 28796 19695 875
-22112 -31577 -25883 -16981
-24970 12048 21066 -15731
-108 18594 22353 16972
30129 2237 -9536 32331
-10461 25254 -4583 -9391
5588 26149 4734 16571
-18101 8253 13161 -25556
16467 -23733 15890 6359
-16051 -18495 16900 -4549
390 -20832 -7267 15120
13046 -30028 -4634 -15652
25618 -25760 29907 -26555
30100 7631 4782 -3214
3094 28813 22919 9179
-23684 -9539 -14658 -24115
-22984 -5858 8016 -3092
-15892 31742 5790 9974
22329 29201 30373 21430
-16104 11576 -27139 -12578
20596 32001 32 -6399
-16809 17487 1414 25180
28132 -10703 -26859 13145
-9832 10641 26520 -16917
-19884 -16767 25191 17028
-16313 -13402 -3999 -13702
7605 11808 18462 -14586
-1751 1824 -23039 -32368
-9722 -5794 7852 -8211
21681 6726 -15688 -4134
5587 16418 -3562 -12826
3258 5474 22544 -13707
27341 3394 -19910 -16875
-14036 5476 -12855 28618
16855 774 -1095 23605
16628 -27356 -10630 -6736
-7836 14389 19561 -1349
4444 32516 31947 4259
-27797 -9534 -22345 -681
-29233 30884 -17244 -15086
2018 -10064 13253 32095
18295 25332 -8162 -20731
28443 -2970 31044 23701
-24255 -5674 30953 -30630
4510 -18499 9417 -11013
-2007 -24534 23599 16301
-31988 -12523 -6431 9461
-10675 14817 8646 -21677
-22140 18538 31800 29635
19286 12700 3897 2835
-12373 -32126 28415 -16292
1869 22492 14440 5149
-21913 27677 -1047 27228
6683 17757 9111 25925
-15534 -29973 25404 -1147
10097 -7984 -19744 -3753
12400 13391 -6858 -12337
16262 15041 32255 -29143
-3242 -18070 -6400 16632
-27275 -15136 10410 -24121
-17762 11339 26302 -9443
27088 -1476 32465 -6825
-22782 8107 10037 25265
21352 -17273 -25662 -31377
2512 -21161 -30402 22549
32514 21603 7739 -13890
-27645 17492 4400 -16362
-3757 28473 30275 -762
-25779 -25698 16128 15010
30270 -20826 10650 -19490
-32465 -26274 1527 -18595
18016 -671 -15736 31217
20794 -20104 30277 6110
24162 25945 2634 -12819
-27235 -26275 -30785 30651
-6568 -29874 12865 25950
-15738 3754 1292 -20315
19665 17858 -28900 -32651
-4495 -12325 25561 13878
26912 -21039 -11128 24099
-20851 -10555 -17715 -25015
-15480 -18996 -25301 -30211
-23230 665 -12392 6435
-23851 26631 -17798 6836
24201 8449 9961 1076
5223 -26114 -28433 -32276
3267 -7153 -14718 12381
-23269 -29189 -14299 29230
23136 84 24908 24480
7999 -4475 -3649 -25345
-9768 32608 16771 -9531
868 20421 6769 -16913
-6436 -941 18564 3954
-27790 25850 -25302 7387
-17045 -23754 31363 -13055
-24687 -7209 22845 19539
-20716 28007 -29449 19375
-17043 27360 -2215 18421
-5422 13996 -11426 -9759
-29514 7755 8533 -29210
26392 -10271 -17676 13677
29149 28575 5235 32304
-599 -24591 6760 -22120
-705 15111 6545 -25326
-10636 9599 -3380 27058
26217 21833 -30447 -1203
-8570 -6667 905 23055
-25481 16372 -6047 20310
18366 21969 -25688 -20529
-7227 -11636 -2630 -16568
-16929 3425 -3219 -29217
-6298 31400 3351 7140
-26447 3231 20014 18168
-24119 -11114 13162 725
28970 7829 24394 -30950
29893 -9134 -29348 32137
4928 16810 -18371 61
-28851 -5643 -2645 -11011
-17382 -502 30050 -21373
-9624 12762 19008 8233
21049 30981 -3154 4924
-31759 -11289 -10917 16448
-29949 22138 -28896 -22707
-21694 15667 15787 -9386
9772 29764 445 -23335
15186 -30676 -19666 22977
9682 -9381 -4772 -10626
-3217 10659 -21713 -14733
3080 -14320 16495 -32375
-13349 -17670 -8628 19786
16036 13836 28954 -170
-20385 8164 -31643 2480
12240 5938 21565 24308
-20742 10514 8296 14604
-8619 -29652 2539 11015
8232 -9911 9863 -21049
18364 -3189 14852 3309
-27452 -16981 -26576 30138
28140 14093 24744 6292
18069 23342 -31827 20222
-866 -14320 -13481 31754
-4204 15142 -20978 25291
-3488 -23740 27937 -18754
-12692 22067 -28300 -30499
557 -23685 5314 -3204
705 5780 8988 -31864
20816 -8772 9913 -1723
19322 20103 23895 29569
9458 247 -29102 -16453
-7956 -682 20765 -7444
20419 24710 1895 -4494
2151 -9625 12736 21684
-9783 -3314 -18848 21276
28770 30377 2836 -3081
24637 -29996 13272 -7828
3287 30995 29912 27909
8026 -20369 -3635 15783
5704 10952 -27172 15573
-19154 5664 -29011 29289
-13026 11476 8483 661
-1906 -9109 19410 19128
-17663 7882 12529 -3135
22564 20391 -10138 22885
-20004 -31506 29282 -7181
-17962 -27272 1323 15622
-21581 31116 29741 31223
-17848 9918 -27945 1526
-4215 -17614 -19200 -4594
-12380 -6325 18024 -19192
27746 -24772 27144 -11574
-4574 -15176 18517 -25503
-20656 -15870 -13400 -8179
26534 -11032 -22817 -11148
31440 -22792 22800 -10348
-4007 -9961 18668 20782
-25486 -24795 -15019 2076
-15856 25175 -17839 1384
-5983 -26590 -11730 17977
6219 28183 21598 -24887
-15584 -6618 21114 8221
6739 -29662 4632 -10051
13842 -10331 4707 -10839
-18236 15464 -14024 4890
-25073 19312 13050 23851
-13326 2942 19415 -19755
-11877 12204 -3829 11301
-4970 25797 -3525 26334
515 -29178 -2251 -19717
-27164 -12868 -14481 -13220
-15566 -29741 11493 -229
19727 -19958 26454 25552
-30854 14428 26773 92
28105 14532 16200 -14615
15094 24759 -15696 2225
-747 5402 12428 4866
5146 -28136 -24129 -5715
-17218 27704 -24675 -31801
-2697 19685 -20257 13288
30348 -14029 -23218 442
3067 2861 5573 -7782
1385 31770 -27961 -28513
-17591 14134 21123 -9269
-728 22214 14608 -17417
8130 -4374 27909 -19432
11739 -1926 -483 20563
-6848 3978 10150 -6984
-8688 -15133 25567 -29257
31980 16319 2524 -8189
-30295 254 -14274 18022
25242 9621 31192 -21936
27085 -12600 -30381 27015
19410 -23677 -11388 -11849
-26299 -1601 30999 -11156
-15607 -9014 -8846 -19384
-10791 18881 -12508 17512
11778 18369 -24844 -28183
-23819 11043 27247 29493
14498 -24019 -23890 -22400
-25772 -31356 -11003 -13996
10076 3921 26049 12263
-382 -13054 -24 -23518
18287 28797 7555 792
14092 31516 5448 14504
26458 -13985 12992 28104
25619 19714 -30846 15211
-10869 25959 1827 16374
13025 6391 -30667 -6074
-19805 25166 21439 -17073
-30767 29080 -10487 1366
15995 3221 22722 -18411
1 14967 -16642 22438
-1316 5030 5340 10677
26523 -31074 28683 20724
7200 -3505 -29637 19259
7711 9588 -29231 -2025
23556 1389 -31417 -12483
20020 -8369 11893 12293
5028 28648 6463 31906
-20780 21596 -25295 17690
-17044 22877 19414 21599
25330 -8354 7723 13505
-30889 6106 -28167 6247
-662 24415 -28228 16572
-21763 28409 -23855 -215
31370 11040 18932 23929
13939 -19217 -26713 -28310
30 10082 -17180 30706
-1895 -28047 -16801 -26296
-28861 -6113 -25899 3078
11925 10940 23485 -6359
-29988 28424 12989 -25754
-28086 20378 15318 14690
1418 -1013 9865 7450
-26429 16826 1066 18544
20850 -5437 -11378 4366
20810 30918 10602 20402
14577 31979 -25064 5031
-22947 23864 -23081 29099
10459 -7283 -31473 24343
1218 -2967 30427 498
30996 -16602 30826 18928
9764 18639 -24651 -1768
19682 25089 -2136 21548
-3028 27113 10269 -11634
-4431 3819 -13751 31204
21319 6479 16681 -14536
-27298 -23012 3808 -27995
-24041 26195 -4733 16464
-21405 -3252 -15258 21704
-7148 -19290 16628 27678
21717 26191 26107 -11337
19881 17208 14971 19927
-28805 25066 -6106 2506
-6603 -14094 28725 -2406
1761 11352 -16029 21020
-5453 10766 2173 29616
10279 -24720 29802 -27770
8386 -6074 -15221 13675
-13633 -14727 -16379 -17372
-4480 14199 28027 -6626
-31754 -14197 -28274 -15197
31723 25965 -13147 21791
-21813 21402 6002 32464
-25808 -7208 -19445 9814
-8362 -138 8905 13366
-19785 12766 19553 28331
-676 21913 111 12297
-10519 7184 9883 4479
29598 4897 19395 -7809
27546 -11401 -17474 8819
-29316 -2856 6608 -8964
15588 14011 -25398 -6055
-15131 25192 1033 -8605
-5058 14473 22140 -2072
3137 -31549 27576 223
29015 11454 -117 26904
-5391 -4030 -14575 -19240
31657 -4076 9995 -10578
-13012 -25098 27348 4857
13179 20622 644 -857
10901 -11479 31076 -15584
2564 -16632 -19840 5216
12983 -10308 -25482 24794
10913 -8147 -13281 -28774
-21094 3050 -6789 -3875
-24379 4057 -5194 -27247
32707 -6828 -12356 4144
-21554 -6677 12703 2576
-30632 1007 -26748 17567
4010 10323 -6417 -17493
25026 29551 -13424 5725
11087 14571 -12682 -2689
-20288 -6549 -25850 23657
-8591 21749 6149 10540
-2574 -23965 -14240 -9577
31564 -28806 -22596 -10015
-22518 -27247 -32725 -16141
23299 -22027 -14183 29656
9487 -11520 3329 -13226
-8109 -12995 24307 -22387
-20256 -32003 -29999 -9091
-4703 2615 26523 15835
-1179 -26518 -24185 13493
-24864 -23167 21871 13165
5865 8594 19691 -32360
-17945 23548 27386 -8235
-7562 31078 -23770 26312
5438 4642 310 -11905
-16266 32561 -6229 6362
-13734 3508 -21393 -13252
7673 1013 4927 -24576
-15383 -11097 6961 -7317
21258 -4588 -18715 20819
31631 -537 1306 31534
15089 -28113 32059 23723
-10232 25410 -661 -27275
5509 -28533 12771 -10636
-25706 -4183 -5806 -17294
26627 21405 -30489 -11941
24880 -6912 -13577 31748
20824 7436 19755 3162
-15681 20882 -10060 16334
6183 25312 -27308 22403
-31293 28253 727 -21831
-4899 -20265 -8728 26417
-12274 -15822 15694 -25879
-22185 26074 1621 16062
-21053 6118 19957 15032
-5054 251 20769 14252
-26593 7393 -20351 -24024
6456 20933 -24662 -3553
-1906 2089 21036 575
12841 -19525 9037 1998
13099 -3022 -31712 23574
9078 -4725 25949 11647
-30566 30543 1007 20043
-28259 7867 2917 2047
-11823 12805 6975 29877
2022 14428 17067 -28399
10121 -10034 23288 2720
-6055 1113 -7677 -14310
20970 3715 -27221 -1252
14310 -22512 15327 12115
30713 4066 -11011 -19120
2053 12766 22265 7088
-11460 -4820 -8407 -11392
-25846 22037 21509 24959
7271 15164 -21200 -24026
18271 -9174 -24280 -26057
-5017 -3001 24896 30088
-26816 -7446 -29880 -22748
-15305 18058 12236 -22772
-22698 15353 15320 -22574
-14353 -4570 -4118 -26898
-3927 12697 -7875 -2987
1778 29177 31434 11068
-2791 18627 -6620 21712
24600 13472 -3920 19020
1183 -25603 -22492 13940
29073 -7214 -11402 -1796
9024 5957 -12186 13670
29995 -2663 25853 30019
-16994 -29469 -16580 378
11542 -17781 -12408 -12777
-13824 21901 -5973 18993
11259 -31743 13632 -17277
12788 23836 -23355 -17413
-28313 -27652 24334 -2314
-16071 11078 -27319 7824
-18086 13 -2508 7558
10999 -18482 -30777 -24732
22570 4693 16593 -24656
-10194 -24761 13109 -14126
18384 11217 -18710 15448
11490 6526 11790 -5813
-32328 -29100 3754 21560
6695 -29076 22982 28515
-7421 -22774 3838 -6615
27262 -31483 26330 -29347
-32693 -4249 -5275 4665
-2461 21772 -9298 16231
-4958 7693 -722 -11781
-2562 1319 -15994 -464
17705 23846 28126 -18242
-11635 -26366 -2179 28788
18660 26742 -16122 -1160
-1878 -25690 -4508 2621
-30425 1113 13273 -18281
-21242 -23387 -6401 -26481
14533 3890 -20851 -28825
-1738 -32468 23347 20939
-22760 17477 5518 17791
-10413 22853 -8286 -19943
7037 27316 -18240 25894
-20202 31913 -18417 12078
15625 336 1457 10279
-16853 -14981 -4364 32137
27356 -26166 15814 -30560
-15135 514 -28152 -4965
17399 5610 22762 -657
-20404 17228 11788 5472
-13927 -27331 -23813 -27311
-26797 10590 23488 10495
4994 1112 -19672 -29341
12016 -21559 7034 3724
3053 28741 2820 13895
-4868 5929 -22130 -793
9466 -3891 -32398 7707
9674 28961 17792 -18758
11732 10217 17353 9545
8898 -3150 -5173 -7823
29174 22262 -29045 -25972
-19076 2138 5619 -8028
13715 3531 -21355 -15542
-17287 11800 14982 -16956
-24944 -8704 2247 8055
7032 -17086 -16184 1502
-3268 5172 27332 -5687
-2705 24044 16921 -18495
10613 -6110 25364 23498
17713 -25388 -28260 23659
-9817 -3681 -20741 -14160
10617 -13096 15536 7562
-5495 -6463 12891 18316
22408 21847 18153 29808
21818 -6316 124 27499
-15962 -7198 -4883 -7549
7435 -9146 7290 -22110
5390 -23577 23315 19447
2669 -15721 11193 -25309
24244 -27079 1546 -22360
-15416 -4628 -13185 -9449
-11923 -15907 13367 22790
-24956 -13268 -7759 5425
28824 -4925 4435 5647
9538 -24956 25418 27907
-1346 -324 22475 4920
9130 13527 26135 -32115
2930 -16806 28770 20275
9654 18682 20672 7130
2876 -27913 -32680 -1317
14486 -6955 -32566 -15176
1474 -32546 -27036 -15854
32355 -18306 -15681 -1245
-18437 -32683 -31274 -17869
-25835 -20370 -4976 -29583
-25579 -23431 -10416 -21677
-28601 -15200 2710 -15831
-6254 -21307 27929 -19798
-3384 -23682 -13206 6926
-8794 6480 -10612 21214
17269 26283 23558 20356
8381 28795 -10455 19807
17824 -18273 -23717 13638
28367 -1136 511 23552
30981 -8126 23373 18421
-20184 1558 -7582 -19412
-23667 -15410 12824 32331
12862 -28289 8382 -26633
-26620 -4173 -3252 9870
1664 -21375 -1729 -18667
1988 -31058 29471 -16786
23667 29797 -27296 -10507
-993 -4549 -14430 -19801
-6983 30248 -3473 447
11234 17197 5739 29540
15811 -32287 24748 -6908
1314 11799 -2026 5535
-9981 13497 -4102 6982
-22938 9511 16133 14066
5642 3428 -2104 -6453
-15589 -18475 23647 23507
-29855 17849 -2195 27556
16707 -17824 -125 16438
-16857 -8464 -824 -14052
-3775 25619 -17730 19452
12307 23355 -27162 -23412
-9226 -6395 -28352 298
15488 -11927 25453 7254
-6901 7119 -17488 13356
12020 26882 23697 -7646
13372 26810 13876 14986
-3782 6002 24432 25381
-31485 -10973 28704 -29108
-11085 23138 -23614 -23710
-4961 -3776 -6954 23793
-15056 26499 31494 -5129
-19854 -30594 9489 -5813
21084 2125 25979 30090
-4593 14188 -1165 16400
25412 -21018 -31845 31522
-7132 -10713 8053 -17465
17636 -20467 -17623 -26462
-6764 -11671 1797 -7565
20218 -6301 14745 17
16716 3182 7039 4604
-8036 -29574 5791 31236
-18611 3455 -4363 -469
19032 -14758 -16766 -6496
29445 -16941 -4656 32439
-11301 -16834 -32102 -15664
11223 -22666 7131 10834
-4021 29911 30013 30425
21856 28551 -26513 11216
17619 20887 -30436 -13162
-21807 14959 25312 2039
23722 -21247 -16585 -32673
32104 -9151 -32184 25151
945 -20396 20638 -6267
25184 -32690 -23561 -13029
5768 -12032 24894 29529
-22627 13082 -26518 -2579
-19670 8208 -9663 -13917
-6098 2822 6122 -27222
16299 -3996 5582 5385
21337 -13932 10989 -22737
19003 108 9701 -27978
-11894 17140 -4367 5279
2232 17197 -23609 -13959
-26873 4984 16510 -9050
-25448 16230 -16923 14734
-23836 9537 9860 23482
11708 -24693 23420 -9967
-317 288 -27239 30260
-20336 -10010 30938 29725
-328 -26730 -30707 -19266
-23095 -23079 21981 17579
-29166 -19781 22001 7571
22984 11289 -29501 27454
3968 -4489 3007 6719
28154 12740 29043 13247
12888 -15940 -11700 15969
5425 -32129 20084 -7530
20669 2115 6645 -16286
24839 -14458 18980 -30359
32041 29244 19607 -1827
-32734 26636 -29520 9507
23949 -7034 -14209 -14486
7377 -31140 10056 1170
32109 11235 -678 -16668
1814 22096 30988 -13271
-1342 30900 16285 9861
19749 -29037 4446 25650
-17837 -3256 -13176 23665
-125 5404 -15984 -19012
26270 12231 25333 -6613
4892 14380 -3487 25420
22621 9833 20708 -15957
15639 14871 -26324 30592
5635 -8268 23566 7809
-16599 5346 -30958 -21932
10906 -25159 26159 21377
-27297 -28990 26210 10203
8254 31441 1579 3044
10547 -14102 -24891 -16297
15057 6224 -21117 -30137
25608 30288 13507 -17474
31608 -20593 21715 -9103
17631 -20117 -30486 8746
5337 -10379 16897 31856
28069 28370 29957 -19192
5248 -7166 -10298 16848
-31656 -14863 9059 25318
-24848 -22810 -10289 -1820
23770 -6744 -18582 -22354
-1030 -8211 18756 20376
22600 -24176 14620 -1540
-19045 -4258 -14495 -25147
3426 -26771 5402 24623
8512 7512 -5177 8859
-30672 -32049 -26735 -26393
7517 4801 -31194 26767
-9018 18987 -581 -30474
-29522 -17344 -14532 -30163
-684 -3407 -10502 32018
-20152 4545 -13937 12201
-24702 -28744 -21568 -8082
-19301 -244 -6602 283
-23166 9326 12953 17268
-20377 -18268 -19420 -29565
-29973 22089 10900 14806
8860 30872 -3732 13194
-14296 22699 -4372 -2695
2529 393 -21284 5393
12790 -14492 -20107 -10546
-58 16162 7629 -21586
2346 -17241 -15139 -6607
-3593 29972 3911 27510
-24646 7881 29149 -17954
-632 6570 14055 -9110
23134 -21457 11745 -11498
24505 -26848 30105 -27291
-15054 -16040 18044 830
-19107 23499 7059 21814
4258 26939 29360 26516
9195 13083 -28860 14653
-5438 14757 -15158 -7668
-19270 -17703 31895 -13238
29355 4984 17839 12564
-27390 20357 -1616 24933
-25841 -6302 11855 27823
-23460 32010 -5444 -27444
-21859 -26870 -7855 -1136
7927 -11735 -18792 -24363
4830 747 -7672 -16194
-29356 -28797 -30824 25163
28259 14790 -1814 -19905
14985 3706 -10921 -24815
15587 1924 31184 2863
-28613 21625 3633 -12150
23621 23511 22695 -7731
28469 18941 -6026 19106
31745 -11939 -2490 22228
23523 -3133 21384 11811
18714 16530 32191 -5445
876 -25569 1569 9364
-21129 -25576 27881 -18738
-6647 -15081 15664 7685
-23991 1614 4419 11481
-30744 30975 30721 6620
28779 13789 21266 -10073
-13022 -12330 30120 -8887
-13400 -13668 9590 -21530
-10949 22961 -7893 19356
-2159 26977 -1536 -481
9712 9127 26993 -9528
-31115 -16033 -31795 18026
22426 -26958 -22499 -17249
3868 22167 -1864 22599
23206 5552 2817 20743
-9970 29367 -28857 22690
-3538 -28769 10356 -8508
-29214 5547 25535 -7653
-21162 -14084 -25584 23680
10669 21478 -4079 -2366
-11087 -20252 -14403 4623
26115 -3767 31801 12799
-25025 -6986 7127 30206
32008 21402 -16139 3035
2620 11591 -24077 8950
13560 -19163 2949 4646
32734 -11921 21482 27991
-13904 -23999 22086 23839
-5602 11236 21846 -21638
-2305 4652 -19418 -21057
17298 -21643 2910 -16810
20853 -23092 24572 16500
-26200 -1568 -24839 -19718
-21095 26745 23353 31649
-9199 3419 26199 13738
-29052 -30610 -18490 -21271
1434 -29239 -27724 23481
-10758 19992 -1690 26831
-21256 -3187 21956 30255
-19075 -7691 -2006 4626
26552 18982 -5652 4120
11494 -8895 179 -21191
-2067 2120 -24548 896
27009 13871 -24099 3176
-25952 24345 24279 -21937
16092 -11227 6746 -401
15484 9838 -15382 2301
4054 31118 23907 -19739
-20697 -27790 -28960 8071
6370 5702 -2769 -31044
-13112 -5644 14562 -11876
-23979 -12509 -10552 2162
-18835 -15478 -6474 -11353
25882 16958 1768 6697
-28086 32454 25836 -9049
-16877 -20541 18242 -23926
-29246 18425 -28222 27119
-3820 -19937 -14498 9211
-31898 32267 -7906 10405
26030 19809 23899 11490
-19880 -4966 -5246 16027
-26649 14998 -17048 22424
-12625 -108 6399 1091
-2880 20249 -1350 -22816
-26105 -9404 26119 -7821
32465 -27968 28489 21038
-11004 5963 20833 -21538
-13282 26882 13691 -11143
-28702 -20070 15939 30570
-13223 -4433 26195 20073
-29731 16328 -28493 -18207
355 -30201 -10754 32753
17132 29250 -32484 -28591
8589 17280 21502 -4884
-26877 3854 487 -6270
-27469 -20720 -8772 -6535
18169 -135 -17915 -25434
26550 1169 2282 -4961
2213 32390 -13797 7441
-25615 23255 -28288 31985
21352 30304 -27200 -18357
-10611 11727 -28290 -9563
-13503 -6325 -5911 -15320
16142 28506 -24683 -13665
-32091 -1345 -3735 -20422
-29593 -17578 26144 -31270
11004 -6797 -9592 -3316
6780 13439 -24893 -16801
1710 3837 4529 24164
15054 16818 24578 1875
13582 32471 -9924 27140
18440 30305 -30021 31059
-13896 2298 -23440 5598
12617 30400 -27749 -24971
3713 -25191 15763 27953
-6782 -29397 -2850 6131
-28732 -12823 11026 25140
18361 5255 13057 -4950
-10645 2029 4676 7029
7069 26293 8434 -28131
15810 2657 24757 27837
-25899 -4458 10639 9311
-24387 2796 24603 -25920
3246 13920 -2129 13121
-969 -31676 -23506 -6829
25590 19721 -28303 -27204
19592 -23429 14040 -18712
15357 -1411 -12584 -16463
-29404 -15937 11217 -17915
-27992 -8580 9989 13304
-26967 10601 2034 16656
19552 -21653 14097 3098
29032 -14498 315 3505
12039 -19778 -787 8557
-24112 -19984 -142 31814
14596 -11349 28572 8800
-25536 24925 -7257 6583
-25068 -1894 -25091 26816
9222 -6294 -17012 4642
-11219 -21022 12118 -10786
10080 30731 22233 29959
16327 -6065 30811 -3938
5451 22576 -18667 6654
15730 7557 17061 14435
-17379 -8087 5511 11716
15398 24718 -6361 -18825
30841 18668 658 -27419
24047 -2297 -286 -14780
-27117 20576 9920 24085
-8754 26112 15971 3890
-8573 -4638 -12980 -2319
12126 -10858 -26896 -4568
6418 6333 21362 17955
18963 26344 -7237 10087
-8674 13242 18042 10336
-19266 -8032 -21013 -22216
-27089 15398 -25601 -4432
17821 29760 26552 333
-19289 2805 24664 -8171
-7323 2628 32754 -1287
3393 -12380 23871 -10328
-17764 -28100 -30352 18163
9302 -20842 2928 -7606
-1018 -26674 32611 13864
-22817 -2393 721 -1250
18476 -32157 24478 15019
-26175 27199 -28166 28675
-13497 9354 31951 1130
-17212 -32676 27702 26415
2023 -30777 4211 -18469
-26772 -19106 -4492 24459
-6206 -2952 -10628 -27349
-25897 -24428 14465 -2268
-25410 -32202 -31874 -31331
18640 14881 -8254 20203
-13660 -9561 27701 -21024
6785 18379 3046 -21929
30436 -4152 -1712 -20867
-4425 -4158 -227 12545
12763 -29543 -12520 -18759
16914 -29516 29546 -13232
-4415 -26798 31587 17585
10190 6162 888 75
-25576 -16969 32282 26834
28426 22371 -2894 -28977
-20483 23410 -4847 -4146
-15324 30383 -18795 4735
19518 -728 -20104 4264
-813 -18330 21807 21221
17626 -17944 14852 -24504
-6816 2410 1949 -13100
-14881 17177 21566 -32629
-30328 -9990 778 29563
11357 -2541 3405 17452
-4617 9130 -18791 16469
-3163 27350 5755 -23668
7199 -22180 -23412 -9875
-28875 14131 -29346 -22850
-12071 5094 12013 -215
17873 -4372 7114 20227
12873 25181 -18373 8707
-24555 -7009 -6143 12347
-24239 -21039 8513 9146
-26716 8738 3624 15028
-32256 8126 -24407 23582
-5040 -11277 -21680 8320
10195 19855 -32703 -20933
14609 32733 -5364 4804
2045 31521 -755 -22049
-25637 -24443 -22291 26611
8635 -17548 10933 -27700
-24478 -31220 -31594 -10582
-23967 7040 -24925 5283
-26307 -25507 29630 -1623
-23461 -6065 31185 20009
-21742 25170 -30742 2017
-19907 3154 -401 -17871
-11962 -8586 23771 13728
-12031 -19114 -16851 -23028
-18510 -3871 21906 10362
-16316 29897 20551 8780
25750 -24640 8452 -17741
13318 -1917 -32622 -20826
3652 23389 -7883 -21866
-20681 -29925 26503 -22964
-18873 12558 11819 -19481
-27699 31390 -7942 29816
27118 -14204 8647 -31726
13547 -24001 -16826 29983
3787 12142 4680 -31085
-12228 26834 31570 30874
-21876 7265 22916 -13265
8027 26213 -14193 1643
31977 -20092 11957 23746
-21599 16673 -9298 25978
-15874 -10076 31911 -20382
-6764 -5333 -27264 10532
-27919 -22563 -16364 28916
12064 20906 20404 31175
-6398 8186 -27236 -25695
31643 15634 2048 -21044
-6411 19995 19701 16157
7908 -28363 15651 -29527
-22652 29542 -23484 -28097
-7777 -159 -4071 -713
-22208 16721 -9806 22930
16915 15886 -1410 32574
24321 21700 5728 -32481
-9780 -22512 -23213 2792
12159 -2798 26563 23681
-13491 7739 9187 26813
2007 28323 -22090 22632
21785 21960 4319 24829
6389 25914 28286 16133
-10794 5407 18553 -25069
-13158 5422 12169 591
-3107 23260 -2214 -21704
-5070 -30484 -15708 21699
-9201 25258 4539 28050
3822 -6047 -16465 -21661
15895 -30384 -11843 25148
-4959 16131 26922 -7350
-4630 -22622 25245 -7696
-24585 -23337 19306 -14979
-31167 6944 27905 24109
-13751 -16091 -21048 15827
-11959 -11525 1149 -3417
10072 -6437 8323 13738
29945 -6136 27078 29119
28556 -7459 10745 -21358
-2760 7195 -7262 -16739
-17009 -21831 15729 9235
17294 -20442 20816 20225
16995 -26567 6576 23158
15771 -11588 -27198 -6677
15970 17668 27679 -25199
-25827 -17425 -29256 -27507
11898 15752 1771 -9145
-2408 12636 -24979 21555
-18864 21238 -7855 -18704
-26312 21494 20501 19073
21205 -13542 -16771 10137
-21299 -12494 25193 -31055
-22049 1509 13936 18728
10878 -11450 -7986 27693
25846 21747 -16455 -504
1085 20335 -16197 21889
13284 3735 17514 -24160
-22703 -15535 -29501 17025
29717 11833 12143 27901
2679 -17456 7882 21804
11779 -2856 16166 -15768
-30372 -7566 31277 -18808
20263 2529 -7608 1462
16293 32224 -15716 -6727
-24892 16726 24737 -1370
1641 31487 20060 32368
-11415 -17382 -2548 6847
3044 1871 -26807 29157
-6627 -29398 4211 -627
-5565 16834 -20488 -4067
-20924 6683 2076 17868
-16031 23407 -9501 15995
-31423 31999 -12139 -3742
27766 28146 14859 -29295
10072 -5931 1033 -27013
28351 -32746 19047 19528
-22053 2679 -19367 10196
27597 -19155 11672 -30649
19310 -18398 -29329 3739
5072 -11416 19737 14404
-3930 -26480 11702 -25533
-15886 16222 29229 -18570
16511 16286 -26768 20383
-17782 2837 26767 -23681
-28562 -10609 652 25028
17519 21779 7530 27758
11219 3445 -12054 -31933
14104 29985 -27690 -8051
9310 25744 22977 -21771
-5306 -9405 -23297 2636
-7160 3040 -8488 -26106
20718 -10048 8021 -30195
-11966 8048 32607 28392
20613 19439 1136 30906
18944 16113 32146 -9115
23085 -24541 -17922 9450
369 21128 -6685 -28316
8890 -31120 12882 -19143
29549 -5608 -28532 -30173
-3673 15165 16230 -2009
-28835 18440 -5217 -22932
24035 -8698 20402 32198
