398808302 -24795816
570998967 -559504880
-625104489 -1328118637
-399169079 826166293
-99439342 -229372898
440254480 626190280
316169298 -120035264
297065180 -629309894
-1750858507 77748919
56436948 -789117296
1149152210 -250805900
687045840 321654492
-918663320 -752645648
654392448 31265415
1005253196 39148456
102417146 -649303378
104754526 640118422
-630819970 -453857790
-133826720 96013880
459909137 -1156301163
290903654 586771623
-984495627 184790049
-134512224 -670854850
804685484 453649336
-80706837 66570327
230081691 -1006186533
-665151888 -311160516
236075627 -275139659
117967967 288100094
268805248 439892100
543944116 -24390976
-654411696 -418491052
520879301 1028619818
-628772943 -638432821
-622491987 118414669
161119128 -641698428
-221426592 155274592
372138478 256004811
46006203 727732113
-652314271 156682889
101516327 189820696
121754875 71209735
450325540 130488210
-4970776 -297263335
-109089996 1209524004
104173026 -616711352
-989272480 -554807818
74011782 176640957
-1045118396 29836926
-615825510 465456540
-412075919 -445211676
890358924 152663772
174983480 576030720
36115859 1192791363
-336490932 646606238
-317991492 413798706
-359634591 952768667
285103077 -17499831
-406861487 216388114
-27313593 571206889
412578777 -272403717
-355395655 -239549501
312145710 157282944
-530453420 -65046240
82100726 -1450690310
168464234 -60249958
-193563141 688764973
117127087 710962322
-202352680 24108800
-408609388 25279372
52421287 1365432443
582649384 -111604952
205433471 -130769772
-464090586 -398524002
-614906453 657267017
-80730843 448527264
-215389368 -760962249
-118398517 277115324
312634998 107072766
99380521 14653232
-123911678 34332854
-312326244 -195146742
190676374 -130139778
148480470 78748450
-487085560 -528953915
23720612 -472076228
-36726495 397014745
-361025656 178788072
-133869235 292033993
3486824 1057715648
614631311 231966987
970009876 -91554658
349748634 -68610482
375833902 -586033429
953376462 581926863
-924559635 567303328
-161258817 -223873713
352565541 -611693973
324194931 -222103055
228892059 359509757
-1253425630 -66610500
39153042 104167710
-874975587 -711279374
-88822948 334407961
-730646445 -625624983
-399461412 335040802
-429004767 -743616594
-229319120 119742055
80165567 -244814278
962870673 11223989
321289040 61727056
-649028206 500334515
-360101947 465964944
869338220 -232793940
-433486289 -494217271
-1089909945 -226701978
400789565 699979810
551691516 -284433843
164566104 529292290
-92046749 864882909
-30036732 -801400134
-83523240 -811759200
-538139085 563566277
-262553169 572964328
752415378 -481637468
396231663 -241393548
1643784500 -25904110
690732980 -554768610
55929014 324567638
14763058 -1158178115
56149655 -377420935
207542125 882674280
105342140 708569590
-182228676 948284076
283586885 -157725730
242450582 -637023974
231975037 110200765
-991361023 573921814
40477587 145726581
1185917901 -262779359
574215168 568461552
-142607226 -186405380
146967720 639967576
351255865 123549265
-115757190 -42916668
512188630 -859341430
-844690805 -522474227
-423117864 -647048898
67429859 -1226150643
-466248315 -374551503
198538736 -107004998
-25319412 928277355
-326028525 542513580
-770491785 1091219421
-548002160 -152985280
378086961 116756325
-223780062 -320233508
-771963900 -696288402
145951835 -203614985
-178431713 -616520594
-20784207 -941375286
-173778238 150339616
154562676 483589518
-245300598 60253680
-588011066 -415823862
-309396628 -163768743
949001730 -705640874
-583760406 1228735973
-91557698 -308515902
14175822 332604096
-533058346 356420386
-288002538 163345704
-218938990 5931202
532394475 -399130019
1368093870 40352295
-195432716 450954813
698891480 -214784640
406194576 952202938
-145885010 -58114800
226889768 -184042806
-412805400 -335923400
464793792 -111666554
466658464 397881424
624795835 -308888252
119614696 425582890
-325622088 -215692024
304733139 -170224713
-127424423 -271027561
283294529 13403448
1241337730 -376061320
607623004 525774072
-1047103987 -377514516
466391826 165548956
-294764810 -423972240
-542664216 -597810428
1032205033 -237402792
-72926842 -127646718
190510460 29486520
191234852 -122822804
-132726417 1051693403
-271182825 -162800668
-170283148 45062734
149740745 -44937536
236103636 -75941716
254898648 -145680836
175183257 -2491198
92173576 -590965348
-766718711 1018859323
292309417 200715673
-325544584 -208759352
389783798 -725319810
-118085194 88740722
137241492 -213263658
-196589657 154127083
-695401867 309653182
-812001714 -778909968
402279458 -316683220
-1613375389 251597393
483627492 -304394558
9284 357552510
-344526520 123595160
466426296 -993543372
-471730286 -164363270
146989670 381603424
-728411014 -44083888
480980384 -844998720
132206826 -269225422
434248654 319487169
248012984 -471041529
548189020 204344309
835708283 453924181
-274633998 -267848516
-266917714 -205128073
-46823415 -198661455
180122704 -306041176
-787813162 -345994523
-200605080 320374060
-92440371 -180951093
-661818948 -221814405
-576461891 55525423
223246924 545449588
-185710727 -338248699
1031824874 -23904628
-827381518 383442276
667686180 -175336175
-292004199 -355033114
-35569848 63501154
-284965074 649484154
1305869054 -136046582
-206941151 -434596781
-698419046 339139138
39356693 -7923041
867132025 -927811475
-240566647 461603461
376266614 337181688
141904602 -280056126
33934401 242319315
-41724848 88203132
-664872277 -132720595
214353811 -220695064
427853242 -549602086
998394720 -253610280
-482480385 1114501875
-501589853 39644586
-833103457 243762245
-36667854 382263932
-195670244 -425135540
225080895 -788298810
-974687492 -401605146
-884382820 249058710
-155289260 705714980
214386501 225700117
-306994804 9297172
115351061 232044639
-380334848 376089536
736776776 561882512
-1090113328 -218407435
-444910329 -130541913
-360618741 -275106647
5059723 877664639
282930249 -346989682
422740221 -221296383
-335846188 -249058376
-60732750 12809268
1404736785 -341632890
-145883605 242542485
-205984541 -295881603
-722719965 -337687761
340977977 146573343
-881547124 345575392
143596860 -913869020
-825012539 76000722
308444360 277563708
831906281 -364951285
-385918444 -700157284
525264300 -673017650
329720680 959662010
-916385777 118730631
-310093292 -172287580
-705686017 521048567
766286853 69486429
349626085 181094825
342517564 1141510288
-729574168 -100433136
21535420 570855
-340194658 -472162860
-213493358 152893286
-410161416 752358256
-526244277 -728184769
-164778829 -1218539737
-151886038 483821296
38537652 -89670345
1269725352 74919036
-207738612 -476732741
-582658524 370517632
284338110 313651149
-58237395 -190779993
449800983 -201816785
-748171724 676577814
-317488427 -519791959
397178898 -414955104
415051676 -518596464
863893086 437562808
-45265365 653789655
113067934 -225238326
-223581339 -388963332
-266846109 -144944988
-330695225 -138101530
-380139642 -1022153270
-44581356 207130904
-32542537 478046009
-31478386 427639853
682060787 883971516
-982865596 349914038
-825716154 -579682428
572575872 -113120152
-72619102 -112995382
-748529651 -310915237
-269539197 -5880429
-136136413 23884871
612293883 -136153467
-380793385 442149248
-219321312 243916176
-311067419 -450236718
201146837 156225591
-81996064 330912396
93541339 -869295673
-311553171 779279442
1036625 162460090
273295787 -375607366
-233951190 -749579388
26160330 1986165
159870740 -526602588
35882752 343352704
-75256254 584568958
-379357331 -205810355
155025916 61032800
237165605 643182555
-375832460 219904576
-256600510 -140341035
801654767 -565047580
154848069 -136389621
-505128499 -253418774
-101423915 -214602365
679374493 -310661566
-282060519 43185461
-192859045 365912798
-1001712234 334786916
297107723 1255121113
322782995 1003364085
-120781297 -163825142
-488024528 -134333282
316720471 1144205293
-166146194 -5114360
386321489 625429583
-238806989 -834020017
393589555 -20566946
-297523990 792662603
-637975596 -937695404
56948790 -63300370
-105832168 -306306761
340299478 106956324
62700359 -183580597
-188277812 35311194
-302325898 528434722
58243844 996750632
1150662950 -543318320
699821102 262281790
-233121549 -422988667
76908234 468846062
-556233498 -970570052
-118353584 883734464
387865488 212743668
-183335728 -466206374
-735910100 -552702347
594041232 703697414
578098977 47456037
-602085694 69328378
-454762473 -314069516
-512120497 -194371770
-108543778 -66816589
718803575 488415289
-84842923 -539187814
-41295791 42848254
155055067 -150791107
-344154860 404629490
290597097 -16877559
-642953311 -581877537
-98535252 -34898134
-465040410 -263920896
444250246 188819898
262990328 -206142672
62411265 78102549
-566173190 -127380455
492062250 -171675774
-260438923 -632003286
-44775363 298786654
41434780 171074060
-1105943097 -171096481
210185064 -496169846
-682666798 -253342727
-34609144 -225664392
631880472 832496848
223944796 569483148
-1154738 747592612
-63818206 404886254
68851064 -88258926
-267041384 936828722
-385953004 -183908932
-352669440 415081760
330297784 592353696
-344446690 30038920
-191398654 50766078
855401332 831573366
292899802 482172288
-370400973 73154514
-333394941 -393373905
-394941123 -627242319
116392528 -779367224
-752955270 -607367486
352369377 -428379386
45261434 -136726592
-795613047 296793246
490214618 -478614971
-483407032 -180591505
-517244856 74125962
173402738 10150170
506036688 -806233080
982966630 -477316707
-179131808 -38316697
-206123141 -1629005304
192277160 -130099370
-330498954 -242380547
94210909 52855852
41588644 -19907318
932969562 347717986
784377073 -277496866
-269815800 -452780124
75799514 110888282
-383484272 570972274
-483341105 712209589
-190898333 -500024115
639270366 -794422378
-436522987 -308485074
542039497 18306501
-835675384 -316027762
-13384980 -831741477
19311881 161098927
554990889 -476227777
-367025176 -1249788484
428632530 60675147
399721808 116263677
-334793968 91432976
-414793290 1031193400
-740549986 -32496595
-65614776 -168404218
164806260 -106898422
-390746735 123471055
112430537 -127348446
-276691531 199015080
715370246 333809220
106064131 289277541
-70671804 -53314104
-269170166 -1404306918
-90024180 165155550
-238005023 -288563035
-58913034 469905972
14061552 -220481808
-88142716 287081888
-59907812 159946220
398922475 456877499
412760912 94410234
100085312 1136536747
151491437 215356341
263977664 -123173702
47540263 -183960953
-244442952 1064526255
176389116 599189998
23604744 155644972
-148016910 -231062190
584169769 -444878425
-368008672 -243514874
-568005216 -583959974
159529988 206685964
203145789 -484354039
265612504 -32439888
155645915 140926753
938883976 -368154642
-28657270 -13904220
673032155 60318195
425037750 -424102870
66364828 455027324
-130749101 908409148
-577300156 6656994
-555835348 856544860
-530149725 246774411
-7413789 1351578895
-474050750 865637925
-241482923 798533279
-318139910 411590431
-596503952 -471266511
208710636 289306908
-44144792 -255321676
-128193646 970702678
-657965920 -135049258
-173524634 676464453
41250609 667519088
873807959 380772003
183278984 379999052
194715102 -962795617
-645611653 -579672044
127755750 -249168804
-401884181 5895487
-462751240 -948680886
-332937353 -1062008081
-75745759 85304463
10731103 -108172705
-443527454 430545943
168252032 -908261064
-67969629 -16631784
-53293992 -125052036
-503840480 -169204945
10250116 -43620338
65658742 -803328948
-426315319 -861862935
290902537 276857666
-105045960 243848900
-431410038 -527656170
212504526 -922499994
263481262 178561692
480734522 -191227979
25603324 -216666828
490377712 545117834
-216224788 572408352
-244738586 50649922
-1223147524 601496388
810363170 -283555382
124341162 -91778769
-338260293 911781730
-366237528 -174895164
483799986 689622935
-227332355 -91854220
-146715744 1470355274
-244536541 38288591
-852396982 -105993891
-100446023 30196873
298221527 -92564539
103013996 99358562
877236988 -422275530
82820188 -6345606
-414958480 123800756
412453179 1034043651
99096926 717423932
325594657 -40041264
-1030724448 775379918
-899696144 -511835767
-261337190 -867618010
-582480185 334177735
-1087632601 -422687411
-803078335 1101963488
-108318822 -426854963
-1019278234 442086754
498881520 -129201336
633761264 -288553443
304301946 194433486
39488528 183276040
112499478 65464443
-82299591 -638238117
187369727 -530618226
-38540962 -137638806
187357635 -437160461
-398568030 325486490
191523684 -649611122
-458970794 -465682132
28086229 -695003696
-80117 -17437252
-331607918 -914176980
-504908284 827117358
-101945454 -913286504
-491919215 -656017567
-987979190 297965947
42093367 13162569
648909842 742963858
103756260 392306472
-132975670 -686129086
171790395 -322561159
32513798 -1028500041
681656675 514848201
713079228 -1097496858
-442185865 -246979108
110616912 -304512750
165495078 -542810142
349448248 660637254
-326559370 489973038
832603104 377463348
312073552 -379211549
104738848 -84001036
746381513 136124413
-382598004 74211580
625340849 -157341533
-866614668 86964084
197359222 -150839973
631120314 198547800
823113997 -424996719
-419669400 -1038339191
-82673338 74770515
-492345671 179128423
-130385981 -585205017
875139768 -38374176
498909641 -734904619
-361555384 767487588
420812713 -5358491
1385340073 311179842
66688864 162213772
89529730 -936110525
214146872 279915450
-592449516 -406037572
147988656 -174992796
293180960 -388257120
168981349 540644325
677689585 -60258544
-110615432 36518184
-25853337 1666356111
-362993665 51445145
583849296 263783085
-94133368 1142515094
116268694 13880002
225404879 -309218217
300463728 819592156
127494254 -3851295
-461110566 -279230810
-144372080 957210565
-653755434 -203010138
-440390688 1684536
123675917 -60712308
-55946685 5274285
-410001162 156507304
348430450 124551886
-149427381 245511477
-838581943 18377062
-576910780 672217553
50969940 98098870
24996244 -518007197
5014257 -1477024995
-258321176 -301920580
-647483499 -250920657
-589299644 903834168
-457072899 -242841045
195585880 -181988022
-848968964 -309540925
461044869 457725796
-463298841 -715811782
-131004509 -793684353
1006198680 469573800
141178125 235895674
-434863989 27398619
-24958842 -83948004
1629488255 148953700
243133124 -589324455
-71686795 -412326001
480556596 104623597
158792721 426211575
717842136 350968194
-533440940 429790248
186335042 735355970
540019695 210834081
692428224 430219500
240802560 -31914897
-1068340737 -317169254
11778877 -287310979
-124546563 -268308405
-1149540924 748057695
750910811 3346007
-501799350 -255653086
-422778040 157425880
-358012659 -393160017
16292161 -40398193
349118072 153829175
1278312283 -51109755
-969561116 219701968
-508161985 46093644
-49793834 497002042
-378632940 -1073662819
-281406180 -267830460
-703528299 365217387
874917728 -140791104
7298097 -112851616
253311057 240434355
878696948 214451518
32665941 -805694372
-581532182 -248262598
-166821190 -255627507
129019738 6488073
1036872499 660170472
265028417 -861499370
120743276 366677732
142715654 -41796151
-313481650 -353760510
893417916 -223342124
619863976 555559152
-1339084040 -43059670
-287974823 -36801481
-113933830 1183943992
646804743 844293790
-518224332 -322434378
-370274051 -713074052
73843016 -72812804
-228277744 2107976
-186436519 -245161559
48841196 -53893792
-694944187 -248496645
-96032343 1160381279
104054605 -82190234
-260812126 -115699432
711157180 663916120
823678210 637752913
159374358 -213539118
-257965088 73530184
280070866 80152370
-53783944 314038327
-67808350 203313498
-431953650 1092631758
-799334200 29090180
325713037 -1313112624
239022067 253860606
-83552547 -587001592
394485560 772499991
183880562 -292565124
117997000 -853263080
-80669547 -14464967
465889184 38373930
-755385179 -41455871
1513286169 -113781682
-100815238 361231331
117702264 516042788
156058722 -1197315870
-257392876 -381547714
1144409279 76078613
985355683 336408869
279770862 -1439978012
269076198 329605884
11075481 170395688
105552868 361265755
-328931225 -459691821
66386509 -129046892
-271546751 -430417897
-19214055 -1477133215
-24483872 -1216227464
412330491 -230283837
-17082767 244253035
-8898496 -924194028
92392295 660385977
-1323343452 465813878
-128089220 28707560
57014099 -448447807
-84972678 58698213
338463462 441579054
-1016050708 46373276
-1494830235 -337058445
312858036 -131654928
409009267 -1158628707
762692042 -293296244
199561707 42201008
5571188 -863708878
265751827 -22272415
-64037861 -65336101
799268329 22897123
317445261 505882319
-234031023 -288574251
-527521041 700901028
-189555054 12955086
-193538090 751193357
-187783686 -1254313823
-163331768 -695548664
-216481781 -235066267
-615336023 348007331
-165463768 -458111188
-231421134 -427599918
342705538 -244670245
59960570 97190290
159765653 118583009
639194880 -764261440
516908112 -195818828
21233477 -348984213
679770692 -624701134
-127667916 149882052
-362695134 -133736462
-696561389 985229043
479167227 -251164441
-251974521 -385155238
159284235 355992527
-1028377 -248179821
367369672 -447098548
532151270 -833345835
-40827102 -354757718
-764573600 -448999025
-241385814 382981692
100522018 80082027
-375740240 236645200
23392301 250520736
-402967159 628253
-293365620 149257700
226397546 596789872
761749425 -274145750
463273112 796121913
-452824241 226792939
-236475306 95502213
-46866337 -330565884
1049553228 530243668
-131287996 -131776388
336610338 -883979366
-19442307 26795897
935221511 -509648002
-42686275 -1516655159
-441812667 283618044
386329716 -1359845532
-559901560 -166964734
587573478 -568992196
-14776880 201101750
-430002809 -294616624
-199002522 1822527258
-454495403 253756146
-579406124 22338579
423700201 -92805831
-138746216 -627999788
53166585 -54567759
-713989897 130457243
109185332 -1095885784
331786225 -924106201
8586570 6236106
-370298286 -1234099642
565979623 -888441876
196338961 -28545752
144151075 -643607625
-389285680 97860464
371251839 -416974983
-177918424 -698411792
18286616 93986690
239544687 855991331
271739186 -904358884
83016117 189550259
-63603923 -247599203
629116735 232261134
-387570488 448188035
1170259100 245105424
-143913713 63789487
215580966 330414763
-455766596 -350565302
237381488 -260124298
-13923913 -400794901
-228133448 -369821536
595644860 -958992274
203091840 202552560
82217630 -862730000
-235612008 -105398176
693462554 -68888560
1221927040 -137367294
-391673145 -431041784
442987892 1245390876
560185155 -302089661
-820874271 -713076149
-610276700 -658568174
617624674 -817629754
64347841 354493243
-166480094 -368312142
-237422811 599139882
-365368758 -276598746
-597805776 471158767
-219499240 -665088030
-474383238 -214824294
482635158 -264230119
-1235306243 -318183791
21582411 516087915
-715938782 -1075172764
-216146758 -983167656
491680161 810020527
395157230 -60894335
-1214510876 469622108
-404940191 456669880
-156995170 -358852748
859453621 519085798
-232303692 -716124376
-711924246 2008632
240580852 74160464
1109298224 -438084872
-405590694 802661224
384595198 -58557286
393806760 -633876860
-449362326 290338968
-713706193 -677408829
1362001142 -57311084
31546800 6192290
-165640882 -673195566
-541320714 528589950
844148388 -665672801
289876644 495265296
389238955 213614005
-331447624 -290635990
-685340766 -580232646
-451155425 635745005
-237351308 836077141
-64712999 370910857
-163324104 58203940
511713938 15936688
741111876 368828742
-750250239 -143441988
-193913297 16775513
575852347 759565172
-14943348 470727432
-290983262 -535459910
-824202933 -82285407
-1037128031 -557632883
544103305 121046291
-53121816 27621678
172260762 84793985
989524894 705817847
147524898 -690046003
140480225 -6050450
-65925276 -500457914
773431354 -75749522
726997706 218865618
-506312734 209867457
887249562 86604542
276285237 1220209089
165123398 -80910418
-212219548 -367539084
545412272 186007766
-949377374 -61200282
-218353801 442067967
-924586877 346679103
-335535416 -391904248
230213142 392684154
-414335442 -370873269
-462686560 -305616430
322893576 -255526650
934244578 71779460
30700998 972822136
401726502 -79175276
145385906 -231901368
-1092246372 334594794
-157858302 10383874
-39289940 -616035395
-592838784 447853102
-986252756 684745108
148099974 -33869169
-136153255 38598011
-46338843 -119639849
182479598 -322262137
-162850068 -359996124
-222084434 -478805752
501184055 -270850995
1237112064 -395183556
-149809727 -278201659
1179465385 -70074734
399785367 -276736581
-264969411 -1069397613
-497552868 611795032
264542128 -152260504
-722102700 -209524270
-163089354 769155858
-773923986 -99399935
-408787797 497033521
246899628 -721766804
-472623412 650288272
-25224641 -399782357
-149130525 -943835954
774388494 388831878
148405462 205121669
140136320 161115440
-137220282 -706175018
-618674178 -77317536
-577365366 659148082
755843819 345293938
-181816920 657977052
595793683 -151689284
-481209180 -571069110
-1012302252 -731574521
-29146305 253507007
573298275 565042740
770420274 596422334
