0 0
0 0
0 0
0 0
0 0
0 0
0 0
0 0
0 0
0 0
0 0
0 0
0 0
0 0
0 0
0 0
0 0
0 0
0 0
0 0
0 0
0 0
0 0
0 0
0 0
0 0
0 0
0 0
0 0
0 0
0 0
0 0
0 5115463
1107 245
685 246
685 -16776970
1107 -16776971
0 5115463
1107 245
685 246
685 -16776970
1107 -16776971
0 5115463
1107 245
685 246
685 -16776970
1107 -16776971
0 5115463
1107 245
685 246
685 -16776970
1107 -16776971
0 5115463
1107 245
685 246
685 -16776970
1107 -16776971
0 5115463
1107 245
685 246
685 -16776970
1107 -16776971
0 5115463
1107 245
685 246
685 -16776970
1107 -16776971
0 5115463
1107 245
685 246
685 -16776970
1107 -16776971
0 5115463
1107 245
685 246
685 -16776970
1107 -16776971
0 5115463
1107 245
685 246
685 -16776970
1107 -16776971
0 5115463
1107 245
685 246
685 -16776970
1107 -16776971
0 5115463
1107 245
685 246
685 -16776970
1107 -16776971
0 5115463
1107 245
685 246
685 -16776970
1107 -16776971
0 5115463
1107 245
685 246
