951 0
823 -114
825 -120
826 -111
921 -10
926 -10
920 -16
919 1
922 2
924 -2
926 21
923 16
923 25
923 28
923 26
921 36
946 61
945 61
945 74
953 68
952 79
949 82
943 84
950 94
951 91
955 99
951 102
957 106
955 110
949 121
948 125
956 126
957 131
967 136
960 143
964 137
963 148
970 151
968 161
970 167
969 170
961 167
964 188
970 179
968 189
987 190
967 202
979 203
973 207
980 214
978 210
976 220
984 222
987 238
986 234
981 246
987 244
990 247
999 258
998 266
999 266
999 276
1006 279
1011 275
1008 295
1015 294
1010 303
1014 314
1018 317
1018 328
1025 319
1020 335
1028 341
1028 342
1030 369
1027 366
1036 364
1042 369
1046 390
1030 391
1047 390
1050 397
1053 396
1055 412
1061 417
1064 413
1061 433
1076 444
1072 441
1075 460
1078 466
1090 469
1088 477
1095 484
1099 491
1100 501
1103 502
1109 512
1111 517
1117 526
1119 534
1127 543
1120 550
1137 561
1143 575
1148 581
1151 600
1161 599
1161 610
1156 618
1165 640
1189 642
1181 650
1188 665
1201 677
1206 682
1210 697
1219 704
1214 714
1235 730
1239 739
1248 753
1247 772
1257 771
1269 791
1266 805
1288 824
1294 824
1300 843
1315 862
1322 875
1327 886
1334 902
1339 913
1362 935
1366 950
1380 973
1393 992
1403 1005
1422 1028
1431 1048
1437 1069
1463 1091
1461 1098
1484 1129
1499 1153
1511 1184
1543 1199
1549 1225
1570 1252
1589 1276
1600 1294
1622 1334
1640 1361
1663 1397
1686 1425
1706 1457
1730 1492
1754 1525
1776 1564
1807 1605
1839 1653
1863 1690
1898 1728
1934 1773
1961 1825
1994 1884
2045 1941
2081 1996
2124 2045
2167 2116
2211 2186
2261 2252
2311 2314
2375 2416
2447 2492
2498 2581
2572 2686
2642 2778
2733 2890
2812 3019
2910 3155
3012 3293
3129 3457
3250 3628
3386 3818
3537 4012
3699 4257
3891 4515
4096 4809
4351 5145
4614 5526
4935 5963
5303 6483
5748 7095
6274 7816
6930 8719
7755 9846
8819 11320
10241 13280
12262 16062
15361 20311
20651 27594
31821 42974
70921 96800
-281018 -387597
-46394 -64659
-25063 -35303
-17068 -24296
-12878 -18526
-10300 -14981
-8546 -12573
-7292 -10827
-6343 -9523
-5593 -8492
-4992 -7667
-4504 -6988
-4090 -6420
-3737 -5933
-3436 -5530
-3185 -5159
-2955 -4846
-2749 -4565
-2572 -4317
-2410 -4093
-2261 -3897
-2138 -3717
-2008 -3545
-1902 -3398
-1809 -3255
-1714 -3124
-1634 -3008
-1553 -2897
-1475 -2796
-1409 -2712
-1346 -2610
-1290 -2528
-1232 -2453
-1183 -2378
-1128 -2316
-1084 -2245
-1029 -2170
-999 -2126
-963 -2060
-921 -2014
-891 -1966
-845 -1904
-819 -1875
-792 -1830
-763 -1784
-722 -1744
-705 -1704
-681 -1677
-650 -1636
-625 -1597
-615 -1568
-588 -1539
-570 -1505
-540 -1485
-531 -1444
-508 -1429
-497 -1395
-472 -1374
-458 -1350
-440 -1324
-422 -1298
-412 -1275
-394 -1257
-383 -1237
-367 -1222
-356 -1191
-347 -1180
-332 -1161
-316 -1138
-306 -1127
-300 -1105
-287 -1092
-277 -1078
-256 -1065
-263 -1041
-249 -1035
-238 -1024
-230 -999
-221 -986
-204 -973
-204 -956
-201 -944
-189 -931
-176 -926
-161 -920
-158 -899
-161 -884
-143 -874
-144 -867
-128 -849
-117 -844
-118 -831
-119 -835
-102 -808
-96 -801
-88 -793
-96 -795
-83 -778
-81 -771
-71 -761
-74 -758
-61 -745
-57 -735
-55 -721
-44 -707
-32 -708
-30 -703
-35 -686
-33 -684
-22 -677
-21 -675
-13 -662
-7 -654
-4 -653
-3 -651
1 -634
3 -636
8 -611
11 -609
17 -604
20 -604
21 -597
19 -580
32 -589
42 -568
38 -569
40 -563
42 -560
49 -546
52 -546
50 -545
55 -536
55 -528
66 -529
68 -523
68 -516
69 -502
70 -504
77 -495
78 -495
83 -488
83 -491
88 -483
85 -468
91 -456
83 -481
100 -455
96 -457
103 -454
100 -444
97 -440
100 -435
114 -428
105 -427
116 -424
113 -423
112 -415
120 -409
123 -415
120 -405
124 -404
122 -403
124 -395
128 -389
120 -389
134 -382
130 -370
136 -367
138 -381
142 -366
148 -359
142 -360
142 -349
146 -353
141 -349
146 -342
150 -347
150 -340
149 -343
151 -332
150 -333
153 -320
156 -321
156 -316
166 -304
163 -310
163 -305
163 -304
170 -297
164 -290
162 -298
168 -289
176 -282
171 -281
171 -284
172 -281
174 -274
172 -277
165 -277
167 -263
165 -265
176 -255
167 -263
170 -260
136 -267
247 -229
202 -247
195 -238
189 -241
191 -234
189 -223
194 -230
190 -222
189 -228
194 -210
194 -217
188 -216
203 -211
195 -209
200 -201
205 -214
208 -201
205 -194
199 -196
204 -187
195 -194
208 -181
201 -190
196 -182
203 -181
205 -182
206 -177
207 -176
199 -172
199 -167
209 -165
206 -166
200 -159
204 -152
206 -156
210 -157
210 -142
214 -140
210 -146
211 -135
210 -149
208 -134
214 -137
212 -133
209 -138
208 -123
212 -126
209 -121
217 -124
213 -128
217 -114
214 -129
212 -111
219 -103
216 -106
223 -97
214 -99
227 -112
219 -100
221 -95
220 -97
218 -91
220 -92
222 -90
223 -91
217 -87
220 -76
218 -79
224 -78
217 -76
220 -73
224 -66
219 -62
230 -69
225 -59
234 -62
218 -58
229 -53
222 -50
232 -49
231 -54
233 -37
228 -46
224 -37
230 -41
231 -33
224 -33
230 -29
227 -32
224 -23
225 -30
229 -28
225 -12
227 -17
226 -20
232 -7
221 -13
228 -15
225 -11
224 2
230 -6
226 -3
225 0
233 10
215 8
220 13
225 8
222 12
228 8
223 7
226 18
220 22
226 25
229 28
227 25
225 18
229 26
219 30
226 37
223 37
225 36
227 40
228 45
223 48
223 42
226 56
223 55
231 57
223 68
229 62
223 64
223 73
224 63
214 74
221 73
227 72
222 85
226 89
221 82
224 85
222 95
218 85
221 92
219 93
226 98
228 97
222 99
223 108
209 104
209 105
217 111
220 114
220 118
210 116
216 120
215 132
220 116
229 124
215 132
216 115
213 130
212 138
215 134
211 148
210 139
207 139
210 147
213 152
208 157
212 146
210 159
214 164
205 163
204 173
206 175
200 178
210 169
199 180
202 174
204 185
204 188
206 187
203 190
202 199
201 186
197 196
199 205
196 199
203 209
202 216
194 211
205 218
198 216
192 219
196 215
197 230
185 225
194 227
191 232
191 238
189 237
195 248
193 238
205 243
244 232
127 281
163 259
166 263
167 274
165 271
173 264
172 270
171 284
169 276
171 282
172 277
171 289
164 292
166 293
163 302
172 288
167 300
163 305
158 319
161 308
155 317
159 323
162 313
152 316
152 332
152 333
145 330
154 337
143 344
146 350
141 349
140 351
148 358
144 363
135 360
135 375
126 364
135 378
135 377
125 381
129 390
128 389
121 397
131 410
127 399
123 407
118 414
121 418
118 410
114 426
120 425
119 429
108 431
104 445
102 450
106 451
100 466
97 461
97 461
95 470
94 472
86 473
85 491
84 492
81 501
79 500
76 503
79 510
61 504
69 520
69 522
57 526
55 526
56 541
56 534
52 546
47 552
44 559
36 571
44 571
37 581
30 586
38 594
23 604
23 599
13 611
20 617
11 619
4 628
1 635
3 639
-8 647
-18 660
-18 663
-13 672
-31 678
-27 690
-32 692
-31 699
-45 710
-41 708
-53 722
-60 737
-70 749
-61 747
-72 760
-78 764
-76 771
-90 797
-92 799
-99 805
-103 824
-112 825
-118 834
-122 844
-127 857
-140 864
-143 881
-157 890
-165 901
-166 915
-178 927
-187 943
-184 943
-200 975
-212 978
-213 995
-224 994
-242 1018
-243 1035
-255 1046
-263 1062
-282 1092
-286 1096
-292 1119
-307 1120
-312 1154
-328 1163
-337 1180
-349 1200
-371 1222
-383 1240
-397 1264
-409 1276
-419 1313
-444 1330
-461 1352
-474 1382
-493 1394
-509 1427
-528 1438
-537 1485
-561 1512
-588 1539
-614 1569
-628 1605
-655 1642
-678 1675
-707 1709
-736 1742
-752 1782
-784 1828
-818 1870
-864 1913
-874 1969
-915 2015
-961 2064
-996 2115
-1041 2178
-1080 2243
-1124 2308
-1176 2377
-1228 2453
-1285 2528
-1335 2616
-1402 2703
-1469 2799
-1549 2901
-1624 3000
-1712 3133
-1809 3258
-1902 3399
-2008 3550
-2131 3708
-2257 3895
-2406 4094
-2565 4316
-2744 4563
-2953 4850
-3177 5160
-3438 5527
-3746 5929
-4087 6420
-4500 6985
-4989 7663
-5596 8502
-6338 9529
-7294 10829
-8558 12569
-10297 14984
-12867 18523
-17067 24295
-25046 35302
-46385 64669
-281017 387599
70923 -96805
31810 -42975
20638 -27602
15356 -20307
12269 -16062
10235 -13274
8818 -11303
7763 -9845
6931 -8718
6285 -7826
5752 -7081
5309 -6471
4937 -5964
4609 -5530
4350 -5145
4103 -4799
3891 -4516
3708 -4260
3545 -4029
3385 -3816
3250 -3627
3118 -3452
3010 -3289
2898 -3155
2812 -3022
2733 -2896
2650 -2776
2578 -2681
2499 -2580
2437 -2488
2368 -2413
2324 -2325
2264 -2250
2215 -2178
2158 -2110
2121 -2041
2076 -1989
2045 -1934
2009 -1879
1958 -1825
1931 -1780
1893 -1730
1877 -1679
1838 -1641
1810 -1605
1777 -1564
1756 -1526
1727 -1490
1708 -1461
1694 -1414
1663 -1387
1652 -1366
1621 -1335
1610 -1297
1586 -1273
1571 -1235
1550 -1229
1536 -1188
1510 -1181
1506 -1147
1488 -1127
1472 -1105
1462 -1084
1444 -1060
1436 -1047
1416 -1025
1412 -1004
1390 -979
1384 -972
1360 -963
1370 -931
1351 -919
1342 -904
1330 -895
1318 -876
1321 -857
1301 -844
1294 -827
1283 -820
1274 -809
1268 -788
1250 -778
1251 -760
1239 -747
1237 -740
1230 -727
1230 -718
1222 -698
1206 -693
1200 -684
1193 -663
1191 -668
1184 -649
1174 -640
1178 -621
1169 -625
1161 -609
1163 -581
1150 -595
1151 -581
1142 -576
1140 -563
1139 -557
1128 -553
1123 -536
1123 -529
1109 -526
1115 -515
1106 -504
1102 -488
1093 -480
1090 -478
1090 -473
1090 -468
1083 -461
1079 -453
1076 -447
1075 -438
1062 -429
1071 -420
1063 -412
1060 -417
1065 -404
1058 -393
1049 -392
1056 -382
1047 -371
1039 -372
1038 -361
1031 -350
1029 -364
1027 -343
1027 -341
1026 -330
1024 -321
1026 -324
1014 -318
1026 -301
1016 -298
1020 -306
1010 -296
1003 -283
1002 -281
1004 -282
1002 -273
998 -269
999 -260
998 -255
994 -256
985 -245
993 -236
995 -238
991 -228
980 -227
988 -227
993 -213
984 -214
981 -201
978 -203
973 -200
981 -192
981 -183
976 -183
978 -183
974 -170
974 -174
977 -169
967 -163
968 -154
970 -149
966 -150
969 -138
968 -137
964 -128
963 -124
962 -133
961 -117
960 -110
964 -108
967 -105
958 -100
958 -93
961 -88
959 -89
960 -90
960 -69
956 -65
965 -77
956 -69
944 -69
961 -62
958 -51
955 -52
955 -38
953 -40
951 -33
946 -32
964 -25
955 -29
946 -31
953 -15
950 -16
960 -6
954 -1
588 0
459 -128
463 -134
469 -126
558 -36
552 -40
552 -42
557 -48
556 -43
562 -45
559 -47
551 -41
561 -49
568 -48
552 -52
564 -49
586 -31
581 -35
584 -35
593 -38
592 -43
588 -47
589 -48
587 -42
595 -47
590 -43
590 -50
602 -58
597 -54
596 -51
612 -74
601 -52
604 -59
607 -59
613 -51
616 -63
609 -66
612 -60
604 -64
617 -73
618 -72
616 -82
618 -69
625 -88
627 -79
625 -89
625 -71
630 -79
632 -89
640 -82
631 -100
634 -92
641 -94
644 -97
647 -104
645 -99
653 -105
652 -109
653 -105
655 -109
663 -113
663 -110
668 -114
673 -125
682 -114
688 -115
691 -114
697 -131
699 -124
695 -124
703 -131
715 -135
713 -133
717 -133
711 -129
730 -144
731 -140
729 -141
741 -138
736 -145
745 -152
753 -142
761 -155
759 -160
765 -164
775 -162
775 -165
775 -167
788 -173
792 -189
793 -170
806 -174
815 -183
821 -186
816 -178
823 -194
835 -193
839 -193
846 -208
855 -193
864 -209
867 -212
877 -223
882 -221
896 -219
900 -222
911 -221
927 -228
926 -238
939 -229
940 -242
953 -237
964 -249
971 -242
972 -266
995 -248
1006 -266
1024 -267
1029 -283
1041 -279
1047 -290
1068 -295
1066 -288
1088 -294
1099 -300
1111 -318
1130 -308
1136 -316
1153 -324
1169 -324
1183 -337
1194 -344
1216 -345
1232 -347
1245 -355
1268 -364
1283 -368
1297 -371
1320 -386
1343 -391
1360 -400
1394 -417
1414 -423
1429 -421
1452 -432
1473 -444
1498 -445
1536 -458
1556 -468
1590 -467
1615 -485
1643 -501
1673 -511
1703 -524
1744 -526
1779 -553
1815 -557
1853 -567
1892 -583
1916 -601
1974 -613
2024 -632
2073 -634
2119 -664
2169 -684
2227 -699
2289 -719
2351 -719
2416 -754
2474 -782
2554 -798
2622 -831
2708 -863
2801 -900
2887 -905
2990 -947
3092 -986
3205 -1027
3327 -1070
3462 -1108
3600 -1157
3748 -1199
3919 -1255
4107 -1315
4304 -1381
4525 -1460
4774 -1543
5040 -1631
5345 -1724
5689 -1829
6076 -1967
6520 -2110
7034 -2279
7635 -2473
8352 -2705
9216 -2990
10268 -3331
11593 -3771
13313 -4312
15615 -5067
18897 -6140
23885 -7762
32453 -10551
50517 -16420
113796 -36978
-455643 148041
-76018 24701
-41508 13484
-28564 9280
-21793 7072
-17610 5721
-14790 4801
-12747 4142
-11202 3642
-10010 3246
-9029 2931
-8230 2667
-7569 2458
-7009 2262
-6512 2107
-6094 1972
-5731 1852
-5397 1747
-5113 1640
-4848 1561
-4609 1488
-4401 1419
-4203 1350
-4031 1297
-3870 1239
-3724 1197
-3594 1153
-3456 1106
-3347 1059
-3225 1030
-3124 999
-3028 965
-2943 929
-2850 897
-2777 878
-2701 855
-2629 824
-2566 808
-2491 799
-2438 770
-2383 757
-2315 721
-2276 719
-2226 703
-2188 680
-2138 666
-2092 657
-2048 637
-1999 626
-1970 614
-1946 591
-1902 588
-1873 580
-1828 565
-1808 551
-1777 545
-1742 532
-1724 526
-1690 519
-1662 507
-1637 502
-1615 495
-1593 487
-1570 472
-1543 473
-1526 456
-1509 446
-1488 445
-1468 442
-1454 423
-1437 424
-1412 423
-1396 405
-1381 406
-1372 397
-1350 394
-1335 388
-1315 391
-1305 369
-1288 371
-1267 372
-1261 367
-1246 361
-1235 354
-1223 355
-1217 339
-1192 341
-1186 337
-1183 329
-1156 326
-1158 318
-1141 323
-1119 311
-1123 312
-1108 309
-1107 305
-1096 302
-1083 305
-1068 289
-1068 291
-1061 287
-1051 282
-1042 280
-1033 280
-1027 284
-1016 277
-1012 276
-1005 269
-994 263
-989 255
-992 250
-976 256
-978 253
-973 257
-961 247
-950 244
-938 243
-940 235
-936 232
-923 238
-916 233
-912 230
-908 222
-906 224
-899 223
-897 217
-880 214
-882 215
-869 213
-867 212
-868 201
-860 207
-863 216
-850 198
-843 204
-844 203
-843 202
-827 193
-831 201
-829 190
-823 194
-811 184
-803 193
-807 185
-802 179
-798 172
-793 180
-796 176
-792 176
-785 179
-783 173
-781 168
-778 175
-780 164
-777 160
-769 166
-764 164
-764 154
-754 151
-761 159
-766 156
-749 147
-751 145
-745 150
-747 152
-737 151
-735 144
-734 146
-728 143
-718 136
-726 148
-721 140
-720 141
-712 148
-705 141
-712 135
-715 134
-704 130
-701 123
-704 127
-705 138
-699 133
-702 122
-696 123
-687 116
-689 125
-692 122
-687 118
-681 127
-680 120
-677 121
-679 115
-678 117
-669 110
-669 107
-671 109
-667 108
-660 111
-659 101
-659 111
-660 109
-662 112
-653 105
-648 110
-622 139
-695 37
-668 78
-659 83
-653 91
-650 83
-645 92
-647 86
-652 86
-640 89
-647 86
-644 85
-646 84
-645 87
-642 76
-635 79
-639 81
-628 72
-629 82
-633 74
-625 66
-633 75
-632 75
-627 69
-626 66
-623 74
-624 74
-622 69
-615 68
-621 69
-626 74
-621 64
-623 60
-617 66
-620 61
-615 62
-617 61
-612 67
-610 60
-612 57
-608 60
-602 55
-606 50
-606 57
-607 55
-606 51
-597 55
-600 47
-613 44
-603 47
-606 49
-604 50
-604 48
-607 44
-600 42
-601 43
-595 48
-605 40
-602 41
-599 44
-596 38
-598 38
-589 33
-599 30
-600 39
-590 35
-605 30
-594 32
-590 47
-598 28
-596 29
-594 27
-593 32
-592 26
-594 21
-592 24
-590 25
-592 23
-587 16
-588 22
-592 22
-584 17
-592 33
-593 18
-579 15
-597 24
-592 7
-589 15
-586 11
-587 13
-589 11
-585 7
-583 11
-590 6
-592 11
-589 8
-585 7
-588 -2
-587 0
-584 1
-592 -7
-590 -4
-588 5
-588 0
-585 0
-585 8
-593 2
-586 2
-590 -10
-582 -4
-585 -4
-586 -5
-588 -5
-589 -11
-589 -13
-589 -9
-594 -4
-592 -8
-582 -13
-588 -13
-591 -21
-584 -15
-595 -14
-594 -21
-586 -13
-595 -20
-587 -18
-593 -21
-592 -27
-588 -22
-588 -26
-593 -22
-600 -33
-594 -26
-589 -28
-592 -25
-583 -21
-595 -23
-594 -25
-597 -26
-590 -36
-594 -34
-605 -25
-598 -30
-592 -36
-594 -31
-591 -34
-603 -33
-595 -43
-609 -37
-606 -35
-600 -41
-602 -46
-607 -46
-602 -48
-609 -44
-612 -39
-613 -46
-595 -45
-611 -57
-612 -41
-607 -49
-609 -51
-613 -55
-607 -50
-610 -50
-609 -51
-612 -56
-610 -57
-615 -54
-615 -57
-615 -62
-613 -46
-607 -55
-625 -61
-617 -61
-623 -61
-621 -69
-620 -58
-627 -68
-627 -65
-627 -70
-622 -63
-627 -70
-633 -72
-629 -71
-631 -70
-635 -70
-625 -66
-631 -75
-635 -73
-638 -73
-638 -81
-635 -74
-634 -84
-641 -83
-645 -78
-642 -84
-651 -76
-651 -85
-649 -87
-650 -82
-653 -85
-662 -81
-663 -72
-693 -43
-620 -133
-650 -111
-652 -98
-657 -103
-661 -110
-662 -112
-651 -113
-660 -104
-663 -105
-672 -107
-675 -108
-676 -116
-669 -104
-680 -112
-682 -105
-681 -115
-679 -121
-685 -118
-694 -117
-692 -122
-688 -124
-695 -120
-693 -122
-698 -132
-710 -128
-703 -126
-713 -122
-703 -127
-706 -128
-712 -133
-702 -147
-713 -137
-710 -134
-725 -132
-721 -141
-726 -136
-725 -135
-732 -142
-726 -145
-736 -159
-733 -151
-744 -150
-745 -154
-754 -145
-750 -154
-756 -154
-756 -153
-757 -147
-767 -167
-767 -157
-765 -162
-776 -176
-781 -171
-779 -163
-773 -169
-778 -169
-778 -173
-794 -171
-794 -178
-797 -174
-799 -178
-805 -180
-811 -179
-813 -177
-823 -175
-826 -186
-830 -192
-828 -188
-830 -185
-840 -193
-841 -198
-847 -199
-852 -201
-860 -204
-869 -211
-861 -206
-880 -210
-884 -221
-890 -215
-891 -221
-889 -217
-902 -217
-901 -226
-912 -223
-916 -235
-923 -228
-933 -239
-938 -233
-934 -236
-950 -243
-953 -239
-952 -241
-968 -246
-974 -257
-991 -255
-995 -254
-1001 -259
-1005 -264
-1017 -268
-1015 -267
-1033 -276
-1034 -276
-1035 -273
-1042 -285
-1056 -288
-1066 -292
-1075 -290
-1084 -303
-1094 -295
-1103 -302
-1108 -312
-1120 -312
-1131 -311
-1142 -319
-1157 -324
-1155 -330
-1178 -329
-1186 -332
-1199 -338
-1209 -343
-1223 -348
-1236 -351
-1239 -358
-1257 -371
-1275 -372
-1287 -373
-1294 -385
-1326 -381
-1332 -383
-1348 -394
-1365 -397
-1383 -398
-1394 -407
-1414 -419
-1423 -411
-1448 -435
-1463 -438
-1487 -443
-1505 -450
-1522 -458
-1555 -465
-1568 -470
-1583 -475
-1617 -495
-1638 -499
-1664 -501
-1698 -512
-1722 -518
-1748 -541
-1776 -543
-1807 -560
-1836 -560
-1870 -573
-1902 -588
-1937 -596
-1970 -611
-2016 -623
-2051 -635
-2096 -654
-2138 -664
-2174 -683
-2228 -695
-2277 -716
-2327 -729
-2381 -749
-2442 -770
-2503 -797
-2554 -816
-2633 -836
-2702 -857
-2778 -882
-2854 -901
-2941 -932
-3026 -967
-3122 -1001
-3229 -1030
-3348 -1065
-3456 -1102
-3579 -1154
-3719 -1199
-3873 -1237
-4032 -1291
-4209 -1352
-4405 -1423
-4618 -1481
-4849 -1566
-5121 -1655
-5389 -1737
-5726 -1853
-6090 -1973
-6511 -2105
-7002 -2276
-7562 -2452
-8231 -2669
-9029 -2929
-9997 -3224
-11206 -3639
-12741 -4137
-14786 -4798
-17609 -5721
-21788 -7071
-28564 -9277
-41509 -13483
-76017 -24700
-455634 -148052
113797 36978
50527 16420
32446 10541
23882 7760
18895 6137
15618 5075
13307 4327
11598 3770
10270 3332
9218 2987
8359 2715
7633 2477
7036 2278
6520 2109
6072 1961
5686 1844
5343 1728
5038 1629
4768 1536
4526 1454
4306 1382
4109 1319
3931 1273
3758 1208
3602 1157
3455 1113
3329 1072
3214 1031
3094 991
2991 950
2902 928
2799 890
2710 859
2629 838
2551 807
2483 783
2411 760
2349 748
2293 724
2231 701
2169 681
2122 669
2064 654
2029 630
1976 610
1938 596
1889 583
1849 565
1815 558
1766 549
1740 538
1703 522
1671 512
1652 496
1618 490
1580 483
1557 467
1522 462
1501 455
1477 445
1453 434
1431 426
1401 415
1381 408
1368 404
1342 405
1326 382
1304 380
1287 372
1270 367
1246 354
1233 349
1220 345
1197 334
1184 338
1171 325
1154 323
1145 316
1123 311
1122 314
1096 303
1089 294
1081 287
1058 288
1049 282
1053 281
1034 278
1031 273
1003 263
1002 269
991 244
981 245
963 249
955 242
944 239
933 239
