-16453 -6399
-1587 25181
-6614 13145
6517 -16916
19695 17028
-25882 -13702
21066 -14586
22353 -32367
-9535 -8211
-4583 -4133
4734 -12825
13161 -13706
15890 -16874
16900 28618
-7266 23605
-4633 -6735
29907 -1349
4782 4260
22919 -680
-14657 -15085
8016 32095
5791 -20730
30373 23701
-27138 -30629
33 -11013
1415 16302
-26858 9461
26520 -21676
25191 29635
-3998 2836
18463 -16291
-23038 5149
7852 27228
-15688 25925
-3561 -1146
22544 -3753
-19909 -12337
-12855 -29143
-1095 16632
-10629 -24120
19561 -9442
31947 -6824
-22344 25265
-17244 -31376
13254 22549
-8161 -13889
31044 -16361
30953 -762
9417 15010
23599 -19489
-6430 -18594
8646 31217
31800 6110
3898 -12818
28415 30651
14440 25950
-1046 -20314
9111 -32650
25404 13878
-19743 24099
-6857 -25014
32255 -30210
-6399 6435
10411 6836
26302 1077
32465 -32276
10038 12382
-25661 29230
-30401 24480
7739 -25344
4400 -9531
30275 -16912
16129 3954
10650 7388
1528 -13054
-15735 19539
30277 19375
2635 18421
-30784 -9758
12865 -29209
1292 13677
-28899 32304
25561 -22120
-11128 -25325
-17714 27058
-25300 -1202
-12391 23056
-17797 20310
9961 -20528
-28432 -16567
-14717 -29216
-14298 7141
24908 18168
-3648 725
16771 -30949
6770 32137
18564 62
-25301 -11010
31363 -21372
22845 8234
-29448 4924
-2215 16448
-11426 -22707
8533 -9385
-17675 -23334
5235 22977
6760 -10625
6546 -14732
-3380 -32374
-30446 19786
905 -170
-6047 2480
-25687 24308
-2630 14604
-3219 11016
3351 -21048
20015 3309
13163 30138
24394 6293
-29347 20222
-18371 31754
-2645 25292
30050 -18754
19008 -30498
-3154 -3203
-10916 -31863
-28895 -1723
15788 29569
445 -16452
-19665 -7443
-4771 -4494
-21712 21685
16495 21276
-8628 -3080
28955 -7827
-31642 27909
21565 15784
8296 15573
2539 29289
9864 662
14852 19128
-26575 -3134
24744 22885
-31826 -7181
-13480 15622
-20977 31223
27937 1527
-28299 -4593
5314 -19191
8988 -11573
9913 -25502
23896 -8178
-29101 -11147
20765 -10348
1895 20782
12737 2076
-18848 1384
2836 17977
13272 -24886
29912 8221
-3634 -10050
-27171 -10838
-29010 4890
8484 23851
19410 -19755
12530 11302
-10138 26334
29282 -19716
1323 -13219
29741 -228
-27944 25552
-19200 93
18024 -14615
27144 2225
18517 4866
-13400 -5714
-22816 -31800
22800 13288
18668 442
-15019 -7781
-17838 -28512
-11729 -9268
21598 -17416
21114 -19431
4632 20564
4707 -6984
-14023 -29256
13050 -8188
19415 18022
-3828 -21935
-3525 27015
-2250 -11848
-14481 -11155
11493 -19383
26454 17512
26773 -28182
16200 29493
-15695 -22399
12428 -13995
-24128 12264
-24674 -23517
-20257 792
-23217 14505
5573 28104
-27960 15211
21124 16374
14608 -6074
27909 -17072
-482 1366
10150 -18410
25567 22438
2525 10678
-14273 20724
31192 19259
-30380 -2025
-11387 -12483
30999 12293
-8845 31906
-12507 17690
-24844 21599
27247 13506
-23889 6248
-11002 16572
26049 -215
-23 23929
7555 -28309
5448 30706
12993 -26296
-30845 3079
1827 -6359
-30666 -25753
21439 14691
-10487 7450
22722 18544
-16641 4366
5341 20402
28683 5032
-29636 29099
-29230 24343
-31416 498
11893 18928
6464 -1767
-25295 21548
19414 -11634
7723 31204
-28166 -14535
-28227 -27995
-23854 16464
18932 21704
-26712 27678
-17179 -11336
-16800 19927
-25898 2507
23485 -2405
12989 21020
15318 29616
9865 -27769
1066 13675
-11378 -17372
10602 -6626
-25063 -15196
-23080 21791
-31472 32464
30427 9814
30826 13366
-24650 28331
-2136 12298
10269 4480
-13750 -7809
16681 8820
3809 -8963
-4732 -6054
-15257 -8605
16629 -2071
26108 224
14971 26904
-6106 -19239
28725 -10577
-16028 4858
2173 -856
29802 -15583
-15221 5216
-16378 24794
28028 -28773
-28273 -3875
-13146 -27246
6002 4144
-19444 2576
8905 17567
19554 -17492
111 5725
9883 -2689
19395 23657
-17473 10540
6608 -9576
-25397 -10015
1033 -16140
22140 29656
27576 -13225
-116 -22386
-14574 -9090
9995 15835
27348 13494
645 13165
31076 -32359
-19839 -8235
-25481 26312
-13280 -11905
-6788 6362
-5193 -13251
-12355 -24575
12704 -7317
-26747 20820
-6417 31534
-13423 23723
-12681 -27274
-25850 -10636
6149 -17293
-14239 -11940
-22595 31748
-32724 3162
-14182 16335
3330 22403
24307 -21830
-29998 26417
26523 -25878
-24184 16062
21871 15032
19691 14252
27386 -24023
-23769 -3553
310 576
-6229 1998
-21392 23574
4927 11647
6961 20043
-18714 2048
1306 29877
32059 -28398
-661 2721
12771 -14309
-5805 -1252
-30488 12115
-13577 -19119
19755 7088
-10059 -11392
-27307 24959
728 -24025
-8727 -26056
15694 30088
1621 -22747
19957 -22771
20769 -22573
-20350 -26898
-24661 -2987
21037 11069
9037 21712
-31711 19021
25949 13940
1008 -1796
2918 13670
6976 30019
17068 379
23288 -12776
-7676 18993
-27220 -17276
15327 -17412
-11011 -2313
22265 7824
-8407 7558
21510 -24731
-21199 -24655
-24279 -14125
24896 15449
-29879 -5812
12237 21560
15320 28515
-4117 -6615
-7875 -29346
31434 4665
-6619 16231
-3920 -11780
-22491 -463
-11401 -18241
-12185 28788
25854 -1160
-16579 2621
-12407 -18281
-5972 -26480
13632 -28825
-23354 20939
24335 17791
-27318 -19943
-2508 25894
-30776 12078
16593 10279
13110 32137
-18709 -30560
11790 -4964
3755 -656
22982 5472
3838 -27310
26330 10496
-5274 -29340
-9298 3724
-722 13895
-15993 -792
28126 7707
-2179 -18758
-16121 9546
-4508 -7822
13273 -25971
-6401 -8027
-20851 -15541
23347 -16955
5518 8056
-8285 1503
-18239 -5686
-18416 -18494
1457 23498
-4363 23659
15814 -14160
-28151 7562
22762 18316
11788 29808
-23812 27499
23488 -7549
-19671 -22109
7035 19448
2821 -25308
-22130 -22359
-32397 -9448
17792 22790
17353 5425
-5173 5648
-29044 27907
5619 4920
-21354 -32114
14982 20275
2247 7131
-16183 -1316
27332 -15175
16921 -15853
25364 -1245
-28259 -17869
-20740 -29582
15537 -21676
12892 -15830
18153 -19797
125 6927
-4883 21214
7290 20356
23316 19807
11193 13639
1546 23552
-13185 18421
13367 -19412
-7759 32331
4436 -26632
25418 9871
22475 -18666
26135 -16785
28770 -10506
20672 -19801
-32679 448
-32565 29540
-27035 -6907
-15681 5535
-31273 6982
-4975 14067
-10416 -6453
2710 23507
27929 27556
-13205 16439
-10611 -14051
23559 19452
-10454 -23411
-23716 298
511 7254
23373 13356
-7582 -7645
12825 14987
8382 25381
-3251 -29107
-1729 -23709
29472 23793
-27295 -5128
-14429 -5812
-3473 30090
5739 16400
24748 31522
-2025 -17464
-4101 -26461
16134 -7564
-2103 18
23647 4604
-2195 31236
-124 -468
-824 -6496
-17729 32439
-27161 -15663
-28352 10835
25453 30425
-17487 11216
23697 -13161
13876 2040
24432 -32672
28704 25152
-23613 -6266
-6953 -13028
31494 29529
9489 -2579
25979 -13917
-1165 -27221
-31844 5386
8053 -22736
-17623 -27977
1798 5280
14745 -13958
7039 -9049
5791 14734
-4362 23482
-16766 -9967
-4656 30260
-32101 29725
7132 -19265
30013 17579
-26512 7571
-30435 27454
25312 6720
-16584 13247
-32183 15969
20638 -7530
-23560 -16285
24895 -30358
-26517 -1827
-9662 9507
6122 -14485
5582 1171
10989 -16668
9701 -13270
-4367 9861
-23608 25650
16510 23665
-16922 -19011
9860 -6613
23421 25420
-27238 -15956
30938 30592
-30706 7809
21981 -21932
22001 21377
-29500 10203
3007 3044
29043 -16297
-11700 -30136
20084 -17473
6645 -9102
18980 8746
19607 31856
-29519 -19191
-14208 16848
10057 25318
-678 -1820
30988 -22353
16285 20376
4446 -1540
-13175 -25147
-15983 24623
25333 8859
-3486 -26392
20708 26767
-26323 -30473
23566 -30163
-30957 32018
26159 12201
26210 -8081
1580 283
-24890 17268
-21116 -29564
13507 14806
21716 13194
-30485 -2694
16897 5393
29957 -10545
-10297 -21586
9060 -6606
-10289 27510
-18581 -17954
18756 -9109
14620 -11497
-14494 -27290
5402 830
-5177 21814
-26734 26516
-31193 14653
-580 -7668
-14531 -13237
-10502 12564
-13936 24933
-21567 27823
-6602 -27443
12953 -1136
-19420 -24362
10900 -16193
-3731 25163
-4371 -19904
-21283 -24815
-20106 2864
7630 -12149
-15138 -7730
3911 19106
29149 22228
14055 11812
11745 -5445
30106 9364
18044 -18738
7060 7685
29360 11481
-28859 6621
-15157 -10072
31895 -8886
17839 -21529
-1615 19357
11855 -481
-5444 -9527
-7854 18026
-18791 -17248
-7672 22599
-30823 20744
-1814 22690
-10920 -8507
31184 -7653
3633 23680
22695 -2365
-6025 4623
-2489 12799
21385 30206
32191 3035
1569 8951
27881 4646
15664 27991
4419 23839
30721 -21637
21266 -21056
30120 -16809
9591 16500
-7892 -19717
-1535 31650
26993 13739
-31794 -21270
-22499 23481
-1863 26831
2817 30255
-28856 4627
10357 4121
25535 -21190
-25583 896
-4078 3177
-14403 -21936
31801 -400
7128 2301
-16138 -19739
-24077 8072
2949 -31043
21483 -11876
22086 2163
21846 -11352
-19417 6697
2911 -9048
24572 -23925
-24838 27119
23353 9212
26199 10405
-18490 11490
-27723 16027
-1690 22425
21956 1092
-2006 -22815
-5651 -7821
180 21038
-24547 -21537
-24098 -11143
24279 30570
6747 20073
-15381 -18206
23907 32753
-28959 -28590
-2769 -4883
14563 -6269
-10551 -6534
-6474 -25433
1768 -4960
25836 7441
18242 31985
-28221 -18356
-14497 -9563
-7905 -15319
23899 -13664
-5245 -20421
-17047 -31269
6400 -3316
-1350 -16801
26119 24164
28489 1875
20833 27140
13691 31059
15939 5598
26195 -24970
-28492 27953
-10754 6132
-32483 25140
21502 -4949
487 7029
-8771 -28130
-17915 27837
2283 9311
-13796 -25919
-28287 13122
-27199 -6828
-28289 -27203
-5910 -18712
-24682 -16462
-3734 -17914
26145 13304
-9592 16656
-24892 3099
4529 3505
24578 8557
-9924 31814
-30020 8800
-23439 6583
-27748 26816
15763 4642
-2849 -10786
11026 29959
13058 -3937
4676 6655
8434 14435
24757 11716
10640 -18824
24603 -27418
-2129 -14779
-23505 24085
-28302 3890
14040 -2318
-12584 -4568
11217 17956
9989 10087
2035 10337
14097 -22215
315 -4432
-786 333
-142 -8170
28572 -1286
-7256 -10327
-25090 18163
-17011 -7606
12118 13864
22233 -1250
30811 15019
-18666 28675
17062 1131
5512 26415
-6360 -18468
658 24459
-285 -27348
9920 -2267
15971 -31330
-12979 20203
-26895 -21023
21362 -21929
-7236 -20866
18042 12546
-21013 -18759
-25601 -13231
26552 17585
24664 75
32754 26834
23871 -28976
-30351 -4145
2928 4735
32611 4264
721 21221
24478 -24504
-28166 -13099
31951 -32628
27703 29563
4211 17452
-4492 16469
-10627 -23667
14465 -9875
-31873 -22849
-8253 -215
27701 20228
3046 8708
-1711 12347
-227 9147
-12519 15029
29546 23582
31587 8320
889 -20932
32282 4804
-2894 -22048
-4847 26611
-18794 -27699
-20103 -10582
21807 5283
14853 -1623
1949 20009
21566 2017
778 -17871
3405 13729
-18790 -23027
5755 10362
-23412 8781
-29345 -17740
12013 -20825
7114 -21866
-18372 -22963
-6142 -19480
8514 29816
3625 -31725
-24407 29983
-21679 -31084
-32702 30874
-5363 -13265
-755 1643
-22290 23746
10934 25978
-31593 -20381
-24925 10533
29630 28916
31185 31175
-30742 -25694
-401 -21043
23771 16158
-16851 -29526
21906 -28096
20551 -713
8452 22930
-32621 32574
-7882 -32480
26503 2792
11819 23681
-7941 26813
8648 22633
-16825 24829
4680 16134
31570 -25068
22916 591
-14192 -21703
11957 21699
-9298 28050
31911 -21660
-27263 25148
-16364 -7349
20404 -7696
-27235 -14978
2048 24109
19701 15827
15651 -3416
-23484 13739
-4070 29119
-9805 -21357
-1409 -16738
5728 9236
-23212 20225
26563 23158
9188 -6677
-22089 -25199
4319 -27506
28286 -9144
18553 21555
12169 -18703
-2214 19073
-15708 10137
4539 -31054
-16464 18728
-11842 27693
26922 -504
25245 21889
19306 -24159
27905 17025
-21047 27901
1150 21804
8323 -15768
27078 -18807
10746 1462
-7262 -6727
15729 -1369
20816 32368
6576 6847
-27197 29157
27679 -626
-29255 -4067
1771 17868
-24978 15995
-7855 -3742
20501 -29294
-16771 -27012
25193 19529
13936 10196
-7986 -30648
-16455 3740
-16197 14405
17514 -25532
-29500 -18570
12143 20383
7882 -23680
16166 25028
31277 27758
-7608 -31932
-15715 -8050
24737 -21770
20060 2636
-2548 -26105
-26806 -30194
4212 28392
-20487 30906
2077 -9114
-9500 9451
-12138 -28315
14860 -19142
1034 -30172
19047 -2008
-19366 -22931
11672 32198
-29328 -4780
19737 29843
11702 14696
29229 5301
-26767 2638
26767 13464
652 -32438
7530 18515
-12054 27974
-27689 -32224
22977 21275
-23296 17520
-8488 32580
8021 -17848
32607 27495
1137 9306
32146 -25865
-17922 -15194
-6684 17291
12882 20022
-28531 -25935
16231 -1982
-5217 -18411
20402 27702
-7890 -11775
-11857 23432
31853 -15738
14298 24776
-5690 -20429
-26304 16986
15372 -30691
8998 9328
-27928 4382
-24870 -8100
31561 -18838
-210 19146
-31299 -23236
-29240 -712
-23535 -31926
25786 -20538
-2240 -968
3988 22166
-363 -23523
-28325 15218
26060 12522
-13856 -30507
-15136 -730
6173 30893
-1581 -25398
-8630 15939
10198 9079
28717 6172
7892 -90
-14232 4447
-19321 -4817
-3989 -27771
-30982 -13724
24653 4020
7215 8738
-19425 28231
1305 31311
-29240 -26634
23736 10599
-3740 6735
3146 -1716
4382 -9420
11822 -1600
-8429 11208
-27641 30123
-2861 -26929
-29632 19513
15614 5949
-30277 27013
29769 -26140
15884 -13546
28668 -29387
876 271
-16980 17588
-15731 -14222
16972 -17999
32331 -11056
-9391 -3064
16571 15557
-25555 648
6360 -7699
-4548 26573
15120 30491
-15651 8406
-26554 -24115
-3214 7753
9180 -7666
-24114 32190
-3092 -13970
9974 13513
21430 2307
-12578 -20105
