105282747
-39962247
-86941030
-110241572
335366460
354635164
-307268676
-723499551
78291885
18941539
-60713550
-180384666
-268127860
483644200
-171513930
31203255
-40344543
20371320
-15584920
221100845
257273520
-120047430
719870473
831209802
-363429
23067330
-254103538
-574847520
746535285
-11338328
-300780733
-118622662
213794256
-406711400
4080906
-84607632
245617333
374633265
-18212040
256371480
-184694962
-218006328
-564521160
541047744
298864446
113348129
-507910884
-23586186
141349170
-459920911
119559420
269902182
194298000
-49964564
870948165
374718000
21248444
-297474150
352556712
-475786557
171520998
-974423550
-41177565
71169596
28327254
-1047840340
124290516
-750071030
-744216480
-196137216
-41936400
-512010800
63774066
78682200
-19946512
-307446165
586616875
48539335
300390272
-375773785
17670684
-933553296
-565409320
281816600
-479305412
30410600
-285686896
-361457070
-204479408
471032944
429971872
-102102018
452528544
-2644800
-519045679
217567490
1150968
278564010
-670290036
188105730
-145001952
-36432320
259450182
-80082205
412428450
120284595
-71825000
-96435672
109424120
-602404556
-153850
-14996560
-624399596
-38408520
-35460504
-70531848
66229635
396706494
153511442
-593455034
-583352734
-66897340
-563557700
-579705984
10102262
347816508
49786085
466835372
-7321140
146366595
21440874
-470824720
350947620
26574240
-226630785
-883096578
340381960
129193608
74364771
6529968
284089056
83286050
566266440
228542506
-210584560
-654964871
42659799
129977307
-101980974
-104018124
-252801326
-195421488
324388847
-214876220
39381890
26442012
-26085632
50982772
-330286992
245906552
36521700
294479298
-141858900
202351884
-383444550
141614060
-266974092
-577323912
-17488737
-6780948
-714025088
-1785600
-263420760
60395400
90103722
76567600
725548800
302966400
8251256
116862839
508597056
108704372
-376150768
-410266134
95252448
-32873688
410256888
-106853400
349897130
83967180
-95227875
26658000
161535555
-222768819
463262448
-754516686
477786600
351552305
-173929860
-295905792
580258458
-16043544
-336762585
156623592
-425299560
345884376
-88728992
-476462448
-658412
-186861500
573672346
26961950
-295793652
600726728
61519500
142143921
381070707
-282208570
-221248830
-536605556
367997982
-149258472
-182325144
-5600535
-550367
-213874495
167286288
-341663928
-94971755
-11617893
789741498
314960349
-78128150
421356768
-72654606
108967082
144332856
-862377964
-711545890
-15645168
225110704
-11421888
-545056660
-225862476
240988492
409392810
790214865
-392732256
410900128
-739334736
194741144
-334773600
-64926286
-56481425
273028780
453657888
-273941185
14577550
197658616
-70248852
380857348
-502936280
-1021707008
298610578
412020316
-698359150
-26268528
46005120
107373750
147126420
-34140067
28647528
131286485
-34438659
5848192
402779784
117473334
-303824325
-77864024
-1860088
-464404566
-79392736
-406076132
-806449644
109557875
358175916
24872288
-50087744
156434135
-342038568
635475
-26575387
458827515
-184165420
-63278208
254350955
-16672620
656583840
-364692600
2596776
132477660
158270825
369033912
8491425
-1005588284
163374165
-670456072
158098400
-43185256
68812443
303624125
-92955168
-556872540
-202353678
-318433829
345861594
274940600
-106334657
170013660
-717346060
-103473288
-231662970
74601990
-530621810
-792457166
-686362194
-388443408
328764872
280636132
-657893878
84451257
178560
-12445542
-504295008
57384769
139519323
-38326272
39019362
-910411482
-1798581
-182740239
7267860
-369362120
259578663
140023440
114592128
-681555413
-17490200
227390712
472201072
-36872887
-454440847
-468818637
547374300
73662407
232858553
196211344
-603174931
361729060
-1810368
39889060
209412544
6468772
-297527488
-145790268
470252720
-266873724
25468443
174201360
-63540106
-531963810
522661345
342940875
384618304
173656748
263829720
436849800
27233955
231099750
146639610
-107432989
46177600
10413333
207965641
-350781780
-29990640
-43453559
226812367
158138560
-392942400
-489009406
432943985
544802874
-64942152
-371712528
170559447
421316070
571747040
-58525560
-2463280
125757504
-104815780
276359680
154739160
-34625752
-10032190
12666456
216767082
40873682
-153891066
35261576
-344713083
51380827
324045391
-395848385
44453008
-12452355
103706954
340585504
34236586
-103224217
-223926240
-212877862
416908792
351376704
-654806188
-177310912
434906139
136816680
-71393868
494804670
306086856
405479680
94140025
-29217104
-810530908
27645480
685762356
303760050
16023357
21296828
-414763100
-268248613
-31578180
504960071
613530680
-336780012
-204080360
-359374941
865875
-103587962
148395240
461820012
152661327
36411392
-242880885
-259480204
-250856229
-118139552
250901078
-419518350
-438675975
-302257620
-409326272
-14640192
-961970100
186730745
-86794335
-218348086
-69983325
67214448
63703970
769611524
-217076995
149095161
458269668
244738594
-7067368
3706794
312169788
57964390
192208275
212743542
94626857
40992861
701227296
139968760
83861348
-104502570
94119600
780106456
35364600
108516561
-122037576
-37854
108870788
-68563020
58032
5352704
-575111031
425422743
-307193920
774407525
-196134192
-311876217
28307040
-798242304
721963008
147959058
90583684
929986326
-24472131
-361549743
31712465
-171511784
-183093008
493038671
9493440
-205810710
-63695911
85324594
-102428484
167106722
-140890560
-954202225
-137397980
527598527
-200722352
-835562490
170096640
-219688248
-513930327
-155404140
383674600
-755762410
48446559
-91856634
-88677170
6536522
-183164652
-128732270
-43062987
-605545200
390709150
321704142
-65204180
595361820
434609528
946455296
-239783154
-482087292
470315377
-300988500
9153308
-473313771
352591200
-350927732
-60482790
165999080
624600592
566499129
-239376384
254623126
1233960
-692674764
331823160
-6846840
331311725
-393549409
224425047
92002512
554291036
802140779
-710821258
-991181226
319165959
-211803010
447140
-429800520
624273424
199984642
286520904
82126590
91125521
-315896565
222271042
-59850360
-283050390
333603274
-170848404
-168086140
395541260
4483660
-112931078
-708878744
-457071029
4447440
192346847
-131947128
-347466288
-600058641
181178686
-14714608
473110040
-176503700
-93883153
87000384
528137645
-57583584
-92696870
117016740
74723566
647923972
166017660
-63951525
281912584
-338108472
54256100
337082160
-191075439
152661304
-283418970
-384055831
-31261555
-5702255
51864988
-141576204
324107168
-173379528
-639392312
-41159660
92896440
-238651152
86029440
-53673675
-27853575
-31856711
645955310
97699685
14044119
129535126
438451024
105344541
-664710277
-447776896
-506287080
158251500
155606564
-48582750
370856827
676258380
-528299019
-49986153
85228335
-133516712
42681197
-541086650
-22922368
-12955806
315944208
-12720400
16401528
318547982
-194349544
-91545807
-255132108
47772018
-247995792
-130035649
-26338728
-587885100
-673581722
215127836
272600595
-212450100
-444316521
-37898250
23975952
45766890
44196471
3786840
528668739
268524014
742209030
135432531
280026486
783025971
827937810
13521027
-91295447
68940234
164653242
-8769280
192245676
583470370
518024676
138634811
121096695
-326555936
107108145
533042643
-21222400
22681350
631139516
53416875
565407620
425228769
89226522
-654089150
-796436876
-65943528
-816622620
-106413398
3423123
246728230
-498699855
21257013
357578524
-371182014
185714772
769545667
110587920
406315084
66890876
347833080
-159764352
-77140308
15874145
210313946
-315722136
-264176000
-154298937
-744090368
73171846
30729314
330327934
-51409346
31118780
121744790
290053012
-200287360
-674565054
31464491
-566117925
-110094780
-32544720
57483712
201412452
100759043
21035795
-313164855
-1396080
-261738
1160140
-36743592
74932712
-455709670
129385666
168003952
-27791250
462750409
-535247550
19297122
145599480
117456480
16094022
7794180
-22488640
-500371430
-262214737
565413585
-468447298
150986376
226354932
394182867
338726831
466916920
1849800
878920836
-691686096
125804895
13864080
139053304
15300341
-599808912
368946434
-1042497228
818983789
73490372
-73978748
251509209
-142841875
728266177
1774395
560335828
26524568
-21125717
-2076369
-188148051
696753772
262803840
-18608548
155082728
63806912
-128983517
520575006
212729946
115206381
-24106419
38997541
43498622
-13903638
46747245
432677330
59633310
-205580772
520580300
-250170725
-155554724
421876236
119646160
253853424
-115003125
-731795081
673870036
-1009641548
71140195
-1240465
-529298340
284043452
643896933
-262535025
856781080
972192375
789884948
8438243
384091818
497542626
-615470976
-14652863
193804360
-1062596454
256007360
73996376
279885739
-212922033
195730184
-417747925
75507120
-791396760
13543356
308008976
259454943
-260808900
-691192260
-685609924
120259036
-157029184
407925830
49375232
311807727
-53463816
-322646676
-118514330
209405385
23583842
52903808
-469462700
615145954
-61348276
556620711
-118798414
-258647184
399909915
-227596807
-42227622
-159231996
-140954106
-308337792
-327940506
-13568688
552587805
-466413654
475082625
-587232347
25074600
-131237064
-509255946
15710652
48851474
-21533001
673772288
45025872
-792982929
-17327054
118980085
31644228
-399523110
29393410
-600556294
453018252
491994097
142091456
244754928
-61541700
-233317785
-447167448
547815000
247510769
-186645760
404602648
868186966
242938656
126505750
-538524490
52878160
66515540
809380364
119587104
-633171222
-18929778
-89784500
343687470
-284450120
-31197848
-38246376
444081746
375815056
140187840
589011291
171972592
154942929
-70611346
360390888
-21149576
139417950
-337198596
892250336
488835675
-408145920
-276539040
-143158808
896529465
10580922
-831456290
272306868
-115573044
257923404
739951485
-32169842
96050187
565176204
92904750
-277833224
-501302514
354247248
116241010
-446799744
-471782052
83933344
-122380496
201447000
-594546118
-4020660
727263564
20818880
751378410
-529592868
2168320
88398008
8538849
-431049850
326323320
422704992
11049280
190702489
40154238
-137553570
92587642
177241324
-710280
-63289704
93069257
110778519
425196968
99105060
63044670
-548387175
40860855
778778160
251577864
-25188900
-5398536
-41278440
-18915200
-94472232
-832629843
77043869
-578209216
92887686
-817872601
-778161660
-215164664
-842466516
237396
-298644240
223726282
-305479028
-357451536
28774024
257795047
-16559640
-48965640
-120854004
461023920
-131562306
640349710
-24918142
-70373880
-776229660
43195240
134778662
49439010
252880690
