0
0
0
0
0
0
-1
-1
0
0
0
-1
-1
0
0
0
-1
-1
0
0
0
-1
-1
0
0
0
-1
-1
0
0
0
-1
-1
0
0
0
-1
-1
0
0
0
-1
-1
0
1
0
-1
-2
0
1
0
-1
-2
0
1
1
-2
-3
0
2
1
-2
-3
0
2
1
-2
-4
0
3
2
-3
-4
0
3
2
-3
-5
0
4
3
-4
-6
0
5
3
-4
-7
0
6
4
-5
-8
0
7
4
-6
-9
0
8
5
-6
-10
0
10
6
-7
-12
0
11
7
-8
-13
0
13
8
-9
-15
0
15
9
-11
-17
0
17
11
-12
-20
0
20
12
-14
-22
0
22
14
-15
-25
0
25
16
-17
-28
0
28
18
-19
-31
0
32
20
-21
-35
0
36
22
-24
-39
0
40
25
-26
-43
0
44
28
-29
-48
0
49
31
-32
-53
0
54
34
-36
-58
0
60
37
-39
-64
0
65
41
-43
-70
0
72
45
-47
-77
0
78
49
-51
-84
0
86
54
-56
-91
0
93
58
-60
-99
0
101
64
-66
-108
0
110
69
-71
-116
0
119
75
-77
-126
0
129
81
-83
-136
0
139
87
-89
-146
0
149
93
-96
-157
0
160
100
-103
-168
0
172
108
-110
-180
0
184
115
-118
-192
0
197
123
-126
-205
0
210
131
-134
-219
0
223
140
-142
-233
0
237
148
-151
-247
0
252
157
-160
-262
0
267
167
-170
-277
0
283
177
-179
-293
0
299
186
-189
-309
0
315
197
-200
-326
0
332
207
-210
-343
0
349
218
-221
-361
0
367
229
-232
-379
0
385
240
-243
-397
0
403
251
-255
-415
0
422
263
-266
-434
0
441
275
-278
-453
0
460
286
-290
-472
0
479
298
-302
-492
0
498
310
-314
-511
0
518
323
-326
-531
0
538
335
-338
-551
0
557
347
-350
-570
0
577
359
-362
-590
0
597
371
-375
-609
0
616
383
-387
-629
0
636
395
-399
-648
0
655
407
-410
-667
0
674
419
-422
-686
0
693
430
-434
-705
0
711
442
-445
-723
0
729
453
-456
-741
0
747
464
-467
-758
0
764
474
-477
-775
0
781
484
-487
-791
0
797
494
-497
-807
0
812
504
-507
-822
0
827
513
-516
-837
0
841
522
-524
-851
0
855
530
-533
-864
0
868
538
-540
-876
0
879
545
-547
-887
0
891
552
-554
-898
0
901
558
-560
-908
0
910
564
-566
-916
0
919
569
-571
-924
0
926
573
-575
-931
0
933
577
-579
-937
0
938
580
-582
-942
0
943
583
-585
-946
0
946
585
-586
-949
0
949
587
-588
-951
0
950
587
-588
-951
0
950
587
-588
-951
0
950
587
-588
-950
0
948
586
-586
-948
0
945
584
-585
-944
0
942
582
-582
-940
0
937
579
-579
-935
0
931
575
-575
-928
0
925
571
-571
-921
0
917
566
-566
-913
0
908
560
-560
-904
0
899
554
-554
-894
0
888
548
-547
-883
0
877
541
-540
-871
0
865
533
-533
-858
0
852
525
-524
-845
0
839
517
-516
-831
0
824
508
-507
-816
0
809
498
-497
-801
0
794
489
-487
-785
0
777
478
-477
-768
0
761
468
-467
-751
0
743
457
-456
-734
0
726
446
-445
-716
0
707
435
-434
-697
0
689
423
-422
-679
0
670
412
-410
-660
0
651
400
-399
-641
0
632
388
-387
-621
0
612
376
-375
-602
0
593
364
-362
-582
0
573
352
-350
-562
0
553
340
-338
-543
0
534
327
-326
-523
0
514
315
-314
-503
0
495
303
-302
-484
0
475
291
-290
-465
0
456
279
-278
-445
0
437
268
-266
-426
0
418
256
-255
-408
0
399
245
-243
-389
0
381
233
-232
-371
0
363
222
-221
-354
0
346
211
-210
-336
0
329
201
-200
-319
0
312
191
-189
-303
0
295
180
-179
-287
0
279
171
-170
-271
0
264
161
-160
-256
0
249
152
-151
-241
0
234
143
-142
-227
0
220
134
-134
-213
0
207
126
-126
-200
0
194
118
-118
-187
0
181
111
-110
-175
0
169
103
-103
-164
0
158
96
-96
-152
0
147
89
-89
-142
0
137
83
-83
-132
0
127
77
-77
-122
0
117
71
-71
-113
0
108
66
-66
-104
0
100
60
-60
-96
0
92
56
-56
-88
0
84
51
-51
-81
0
77
47
-47
-74
0
70
43
-43
-68
0
64
39
-39
-62
0
58
35
-36
-56
0
53
32
-32
-51
0
48
29
-29
-46
0
43
26
-26
-42
0
39
23
-24
-37
0
35
21
-21
-34
0
31
19
-19
-30
0
28
17
-17
-27
0
25
15
-15
-24
0
22
13
-14
-21
0
19
11
-12
-19
0
17
10
-11
-17
0
15
9
-9
-15
0
13
8
-8
-13
0
11
6
-7
-11
0
10
6
-6
-10
0
8
5
-6
-8
0
7
4
-5
-7
0
6
3
-4
-6
0
5
3
-4
-5
0
4
2
-3
-5
0
3
2
-3
-4
0
3
1
-2
-3
0
2
1
-2
-3
0
2
1
-2
-2
0
1
1
-1
-2
0
1
0
-1
-2
0
1
0
-1
-1
0
0
0
-1
-1
0
0
0
-1
-1
0
0
0
-1
-1
0
0
0
-1
-1
0
0
0
-1
-1
0
0
0
-1
-1
0
0
0
-1
-1
0
0
0
-1
-1
0
0
0
-1
-1
0
0
0
-1
-1
0
0
0
-1
-1
0
0
0
-1
-1
0
0
0
-1
-1
0
0
0
-1
-1
0
0
0
-1
-1
0
0
0
-1
-2
0
1
0
-1
-2
0
1
0
-2
-2
0
1
1
-2
-3
0
2
1
-2
-3
0
2
1
-2
-4
0
3
2
-3
-4
0
4
2
-3
-5
0
4
3
-4
-6
0
5
3
-4
-7
0
6
4
-5
-8
0
7
5
-6
-9
0
9
5
-7
-11
0
10
6
-7
-12
0
12
7
-9
-14
0
14
8
-10
-16
0
16
10
-11
-18
0
18
11
-12
-20
0
20
13
-14
-23
0
23
14
-16
-26
0
26
16
-18
-29
0
29
18
-20
-32
0
33
20
-22
-36
0
36
23
-24
-40
0
41
25
-27
-44
0
45
28
-30
-49
0
50
31
-33
-54
0
55
35
-36
-59
0
61
38
-40
-65
0
67
42
-44
-71
0
73
46
-48
-78
0
80
50
-52
-85
0
87
55
-57
-93
0
95
59
-61
-101
0
103
65
-67
-109
0
112
70
-72
-118
0
121
76
-78
-128
0
131
82
-84
-138
0
141
88
-90
-148
0
151
95
-97
-159
0
163
102
-104
-170
0
174
109
-112
-182
0
186
117
-119
-195
0
199
125
-127
-208
0
212
133
-135
-221
0
226
141
-144
-235
0
240
150
-153
-250
0
255
159
-162
-265
0
270
169
-172
-280
0
286
178
-181
-296
0
302
188
-192
-313
0
318
199
-202
-330
0
335
209
-212
-347
0
353
220
-223
-364
0
370
231
-234
-382
0
388
242
-246
-400
0
407
254
-257
-419
0
425
265
-269
-438
0
444
277
-280
-457
0
464
289
-292
-476
0
483
301
-304
-496
0
502
313
-316
-515
0
522
325
-328
-535
0
542
337
-341
-554
0
561
349
-353
-574
0
581
361
-365
-594
0
601
374
-377
-613
0
620
386
-389
-633
0
640
398
-401
-652
0
659
409
-413
-671
0
678
421
-424
-690
0
696
433
-436
-708
0
715
444
-447
-727
0
733
455
-458
-744
0
750
466
-469
-762
0
767
476
-479
-778
0
784
486
-490
-795
0
800
496
-499
-810
0
815
506
-509
-825
0
830
515
-518
-840
0
844
523
-526
-853
0
857
532
-534
-866
0
870
539
-542
-878
0
882
546
-549
-889
0
893
553
-555
-900
0
903
559
-561
-909
0
912
565
-567
-918
0
920
570
-572
-926
0
927
574
-576
-932
0
934
578
-580
-938
0
939
581
-583
-943
0
943
584
-585
-946
0
947
585
-587
-949
0
949
587
-588
-951
0
950
587
-588
-951
0
950
587
-588
-951
0
950
587
-588
-950
0
948
585
-586
-947
0
945
584
-584
-944
0
941
581
-581
-939
0
936
578
-578
-934
0
930
574
-574
-927
0
923
570
-570
-920
0
915
565
-565
-911
0
907
559
-559
-902
0
897
553
-553
-892
0
886
546
-546
-880
0
875
539
-539
-869
0
863
532
-531
-856
0
850
523
-523
-842
0
836
515
-514
-828
0
821
506
-505
-813
0
806
496
-495
-798
0
790
486
-485
-782
0
774
476
-475
-765
0
757
466
-465
-748
0
740
455
-454
-730
0
722
444
-443
-712
0
704
433
-431
-694
0
685
421
-420
-675
0
666
409
-408
-656
0
647
398
-396
-637
0
628
386
-384
-617
0
608
374
-372
-598
0
589
361
-360
-578
0
569
349
-348
-558
0
550
337
-336
-539
0
530
325
-324
-519
0
510
313
-311
-499
0
491
301
-299
-480
0
471
289
-287
-461
0
452
277
-276
-442
0
433
265
-264
-423
0
414
254
-252
-404
0
396
242
-241
-386
0
378
231
-230
-368
0
360
220
-219
-350
0
342
209
-208
-333
0
325
199
-198
-316
0
308
188
-187
-300
0
292
178
-178
-284
0
276
169
-168
-268
0
261
159
-158
-253
0
246
150
-149
-238
0
232
141
-141
-224
0
218
133
-132
-211
0
204
125
-124
-198
0
191
117
-116
-185
0
179
109
-109
-173
0
167
102
-101
-161
0
156
95
-94
-150
0
145
88
-88
-140
0
135
82
-82
-130
0
125
76
-76
-120
0
115
70
-70
-111
0
107
65
-65
-102
0
98
59
-59
-94
0
90
55
-55
-87
0
83
50
-50
-79
0
76
46
-46
-73
0
69
42
-42
-66
0
63
38
-38
-61
0
57
35
-35
-55
0
52
31
-32
-50
0
47
28
-29
-45
0
42
25
-26
-41
0
38
23
-23
-37
0
34
20
-21
-33
0
30
18
-19
-29
0
27
16
-17
-26
0
24
14
-15
-23
0
21
13
-13
-21
0
19
11
-12
-18
0
16
10
-10
-16
0
14
8
-9
-14
0
12
7
-8
-12
0
11
6
-7
-11
0
9
5
-6
-9
0
8
5
-5
-8
0
7
4
-5
-7
0
6
3
-4
-6
0
5
3
-4
-5
0
4
2
-3
-4
0
3
2
-3
-4
0
3
1
-2
-3
0
2
1
-2
-3
0
2
1
-2
-2
0
1
0
-1
-2
0
1
0
-1
-2
0
0
0
-1
-1
0
0
0
-1
-1
0
0
0
-1
-1
0
0
0
-1
-1
0
0
0
-1
-1
0
0
0
-1
-1
0
0
0
-1
-1
0
0
0
-1
-1
0
0
0
-1
-1
0
0
0
-1
-1
0
0
0
-1
-1
0
0
0
-1
-1
0
0
0
-1
-1
0
0
0
-1
-1
0
0
0
-1
-1
0
0
0
-1
-1
0
0
0
-1
-2
0
1
0
-1
-2
0
1
1
-2
-2
0
1
1
-2
-3
0
2
1
-2
-3
0
2
1
-2
-4
0
3
2
-3
-4
0
4
2
-3
-5
0
5
3
-4
-6
0
5
3
-4
-7
0
6
4
-5
-8
0
8
5
-6
-9
0
9
6
-7
-11
0
10
6
-8
-12
0
12
8
-9
-14
0
14
9
-10
-16
0
16
10
-11
-18
0
18
11
-13
-21
0
21
13
-14
-23
0
24
15
-16
-26
0
26
17
-18
-29
0
30
19
-20
-33
0
33
21
-22
-37
0
37
23
-25
-41
0
41
26
-28
-45
0
46
29
-30
-50
0
51
32
-34
-55
0
56
35
-37
-61
0
62
39
-40
-66
0
68
43
-44
-73
0
74
47
-48
-79
0
81
51
-53
-87
0
89
56
-58
-94
0
96
60
-62
-102
0
105
66
-68
-111
0
114
71
-73
-120
0
123
77
-79
-130
0
133
83
-85
-140
0
143
89
-92
-150
0
154
96
-99
-161
0
165
103
-106
-173
0
177
111
-113
-185
0
189
118
-121
-198
0
202
126
-129
-211
0
215
134
-137
-224
0
229
143
-146
-238
0
243
152
-155
-253
0
258
161
-164
-268
0
273
171
-174
-284
0
289
180
-183
-300
0
305
191
-194
-316
0
322
201
-204
-333
0
339
211
-215
-350
0
356
222
-225
-368
0
374
233
-237
-386
0
392
245
-248
-404
0
411
256
-259
-423
0
429
268
-271
-442
0
448
279
-283
-461
0
467
291
-295
-480
0
487
303
-307
-499
0
506
315
-319
-519
0
526
327
-331
-539
0
546
340
-343
-558
0
565
352
-355
-578
0
585
364
-367
-598
0
605
376
-379
-617
0
624
388
-391
-637
0
643
400
-403
-656
0
663
412
-415
-675
0
681
423
-427
-694
0
700
435
-438
-712
0
718
446
-449
-730
0
736
457
-460
-748
0
754
468
-471
-765
0
771
478
-481
-782
0
787
489
-491
-798
0
803
498
-501
-813
0
818
508
-510
-828
0
833
517
-519
-842
0
847
525
-528
-856
0
860
533
-536
-869
0
872
541
-543
-880
0
884
548
-550
-892
0
895
554
-557
-902
0
905
560
-562
-911
0
914
566
-568
-920
0
922
571
-572
-927
0
929
575
-577
-934
0
935
579
-580
-939
0
940
582
-583
-944
0
944
584
-585
-947
0
947
586
-587
-950
0
949
587
-588
-951
0
950
587
-588
-951
0
950
587
-588
-951
0
949
587
-587
-949
0
947
585
-586
-946
0
944
583
-584
-943
0
940
580
-581
-938
0
935
577
-577
-932
0
929
573
-573
-926
0
922
569
-569
-918
0
914
564
-564
-909
0
905
558
-558
-900
0
895
552
-551
-889
0
884
545
-545
-878
0
872
538
-537
-866
0
860
530
-529
-853
0
847
522
-521
-840
0
833
513
-512
-825
0
818
504
-503
-810
0
803
494
-493
-795
0
787
484
-483
-778
0
771
474
-473
-762
0
754
464
-463
-744
0
736
453
-452
-727
0
718
442
-440
-708
0
700
430
-429
-690
0
681
419
-418
-671
0
663
407
-406
-652
0
643
395
-394
-633
0
624
383
-382
-613
0
605
371
-370
-594
0
585
359
-358
-574
0
565
347
-345
-554
0
546
335
-333
-535
0
526
323
-321
-515
0
506
310
-309
-496
0
487
298
-297
-476
0
467
286
-285
-457
0
448
275
-273
-438
0
429
263
-262
-419
0
411
251
-250
-400
0
392
240
-239
-382
0
374
229
-228
-364
0
356
218
-217
-347
0
339
207
-206
-330
0
322
197
-196
-313
0
305
186
-185
-296
0
289
177
-176
-280
0
273
167
-166
-265
0
258
157
-157
-250
0
243
148
-148
-235
0
229
140
-139
-221
0
215
131
-130
-208
0
202
123
-122
-195
0
189
115
-115
-182
0
177
108
-107
-170
0
165
100
-100
-159
0
154
93
-93
-148
0
143
87
-87
-138
0
133
81
-80
-128
0
123
75
-74
-118
0
114
69
-69
-109
0
105
64
-64
-101
0
96
58
-58
-93
0
89
54
-54
-85
0
81
49
-49
-78
0
74
45
-45
-71
0
68
41
-41
-65
0
62
37
-38
-59
0
56
34
-34
-54
0
51
31
-31
-49
0
46
28
-28
-44
0
41
25
-25
-40
0
37
22
-23
-36
0
33
20
-21
-32
0
30
18
-18
-29
0
26
16
-16
-26
0
24
14
-15
-23
0
21
12
-13
-20
0
18
11
-12
-18
0
16
9
-10
-16
0
14
8
-9
-14
0
12
7
-8
-12
0
10
6
-7
-11
0
9
5
-6
-9
0
8
4
-5
-8
0
6
4
-5
-7
0
5
3
-4
-6
0
5
3
-3
-5
0
4
2
-3
-4
0
3
2
-3
-4
0
2
1
-2
-3
0
2
1
-2
-3
0
1
1
-2
-2
0
1
0
-1
-2
0
1
0
-1
-2
0
0
0
-1
-1
0
0
0
-1
-1
0
0
0
-1
-1
0
0
0
-1
-1
0
0
0
-1
-1
0
0
0
-1
-1
0
0
0
-1
-1
0
0
0
-1
-1
0
0
0
-1
-1
0
0
0
-1
-1
0
0
0
-1
-1
0
0
0
-1
-1
0
0
0
-1
-1
0
0
0
-1
-1
0
0
0
-1
-1
0
0
0
-1
-1
0
0
0
-1
-2
0
1
0
-1
-2
0
1
1
-2
-2
0
2
1
-2
-3
0
2
1
-2
-3
0
3
1
-3
-4
0
3
2
-3
-5
0
4
2
-3
-5
0
5
3
-4
-6
0
6
3
-5
-7
0
7
4
-5
-8
0
8
5
-6
-10
0
9
6
-7
-11
0
11
7
-8
-13
0
12
8
-9
-15
0
14
9
-10
-17
0
16
10
-12
-19
0
19
12
-13
-21
0
21
13
-15
-24
0
24
15
-16
-27
0
27
17
-18
-30
0
30
19
-21
-34
0
34
21
-23
-37
0
38
24
-25
-42
0
42
27
-28
-46
0
47
29
-31
-51
0
52
33
-34
-56
0
57
36
-38
-62
0
63
39
-41
-68
0
69
43
-45
-74
0
76
47
-49
-81
0
83
52
-54
-88
0
90
57
-58
-96
0
98
61
-64
-104
0
107
67
-69
-113
0
115
72
-74
-122
0
125
78
-80
-132
0
135
84
-87
-142
0
145
91
-93
-152
0
156
98
-100
-164
0
167
105
-107
-175
0
179
112
-115
-187
0
191
120
-122
-200
0
204
128
-130
-213
0
218
136
-139
-227
0
232
145
-148
-241
0
246
154
-157
-256
0
261
163
-166
-271
0
276
173
-176
-287
0
292
182
-185
-303
0
308
193
-196
-319
0
325
203
-206
-336
0
342
214
-217
-354
0
360
224
-228
-371
0
378
236
-239
-389
0
396
247
-250
-408
0
414
258
-262
-426
0
433
270
-273
-445
0
452
282
-285
-465
0
471
294
-297
-484
0
491
306
-309
-503
0
510
318
-321
-523
0
530
330
-333
-543
0
550
342
-345
-562
0
569
354
-358
-582
0
589
366
-370
-602
0
608
378
-382
-621
0
628
390
-394
-641
0
647
402
-406
-660
0
666
414
-418
-679
0
685
426
-429
-697
0
704
437
-440
-716
0
722
448
-452
-734
0
740
459
-463
-751
0
757
470
-473
-768
0
774
480
-483
-785
0
790
490
-493
-801
0
806
500
-503
-816
0
821
509
-512
-831
0
836
518
-521
-845
0
850
527
-529
-858
0
863
535
-537
-871
0
875
542
-545
-883
0
886
549
-551
-894
0
897
556
-558
-904
0
907
561
-564
-913
0
915
567
-569
-921
0
923
571
-573
-928
0
930
576
-577
-935
0
936
579
-581
-940
0
941
582
-584
-944
0
945
584
-586
-948
0
948
586
-587
-950
0
950
587
-588
-951
0
950
587
-588
-951
0
950
587
-588
-951
0
949
586
-587
-949
0
947
585
-585
-946
0
943
583
-583
-942
0
939
580
-580
-937
0
934
576
-577
-931
0
927
572
-572
-924
0
920
568
-568
-916
0
912
563
-562
-908
0
903
557
-557
-898
0
893
550
-550
-887
0
882
544
-543
-876
0
870
536
-536
-864
0
857
528
-528
-851
0
844
520
-519
-837
0
830
511
-510
-822
0
815
502
-501
-807
0
800
492
-491
-791
0
784
482
-481
-775
0
767
472
-471
-758
0
750
462
-460
-741
0
733
451
-449
-723
0
715
439
-438
-705
0
696
428
-427
-686
0
678
417
-415
-667
0
659
405
-403
-648
0
640
393
-391
-629
0
620
381
-379
-609
0
601
369
-367
-590
0
581
357
-355
-570
0
561
344
-343
-551
0
542
332
-331
-531
0
522
320
-319
-511
0
502
308
-307
-492
0
483
296
-295
-472
0
464
284
-283
-453
0
444
272
-271
-434
0
425
261
-259
-415
0
407
249
-248
-397
0
388
238
-237
-379
0
370
227
-225
-361
0
353
216
-215
-343
0
335
205
-204
-326
0
318
195
-194
-309
0
302
184
-183
-293
0
286
175
-174
-277
0
270
165
-164
-262
0
255
156
-155
-247
0
240
147
-146
-233
0
226
138
-137
-219
0
212
129
-129
-205
0
199
121
-121
-192
0
186
114
-113
-180
0
174
106
-106
-168
0
163
99
-99
-157
0
151
92
-92
-146
0
141
86
-85
-136
0
131
79
-79
-126
0
121
73
-73
-116
0
112
68
-68
-108
0
103
63
-62
-99
0
95
57
-58
-91
0
87
53
-53
-84
0
80
48
-48
-77
0
73
44
-44
-70
0
67
40
-40
-64
0
61
37
-37
-58
0
55
33
-34
-53
0
50
30
-30
-48
0
45
27
-28
-43
0
41
24
-25
-39
0
36
22
-22
-35
0
33
20
-20
-31
0
29
17
-18
-28
0
26
15
-16
-25
0
23
14
-14
-22
0
20
12
-13
-20
0
18
11
-11
-17
0
16
9
-10
-15
0
14
8
-9
-13
0
12
7
-8
-12
0
10
6
-7
-10
0
9
5
-6
-9
0
7
4
-5
-8
0
6
4
-4
-7
0
5
3
-4
-6
0
4
2
-3
-5
0
4
2
-3
-4
0
3
2
-2
-4
0
2
1
-2
-3
0
2
1
-2
-3
0
1
1
-2
-2
0
1
0
-1
-2
0
1
0
-1
-1
0
0
0
-1
-1
0
0
0
-1
-1
0
0
0
-1
-1
0
0
0
-1
-1
0
0
0
-1
-1
0
0
0
-1
-1
0
0
0
-1
-1
0
0
0
-1
-1
0
0
