0 0
0 0
0 0
0 0
0 0
2801 -2793
18 -4521
-2768 -4534
-4508 -2836
-4555 -74
-2899 2711
-166 4481
2625 4583
4441 2988
4620 292
3105 -2507
457 -4386
-2354 -4663
-4308 -3247
-4704 -658
-3408 2164
-893 4205
1937 4740
4074 3585
4766 1161
3776 -1671
1460 -3911
-1363 -4777
-3707 -3973
-4762 -1790
-4169 1011
-2142 3458
617 4714
3161 4354
4625 2510
4520 -183
2890 -2811
290 -4488
-2403 -4658
-4291 -3271
-4752 -799
-3641 1935
-1333 4025
1409 4790
3686 3985
4760 1882
4291 -829
2437 -3267
-196 -4651
-2763 -4542
-4447 -2982
-4716 -478
-3496 2174
-1177 4136
1506 4796
3715 3956
4766 1884
4341 -768
2579 -3179
29 -4609
-2526 -4627
-4310 -3234
-4785 -863
-3817 1765
-1705 3858
914 4791
3255 4294
4628 2521
4633 6
3276 -2507
964 -4281
-1626 -4803
-3740 -3928
-4771 -1919
-4429 640
-2821 3010
-411 4517
2110 4737
4032 3616
4816 1478
4251 -1071
2503 -3317
63 -4637
-2390 -4672
-4182 -3420
-4827 -1232
-4156 1288
-2359 3453
71 4680
2477 4645
4216 3364
4830 1187
4163 -1300
2398 -3440
7 -4671
-2382 -4676
-4147 -3462
-4835 -1351
-4276 1104
-2621 3270
-300 4596
2092 4748
3951 3696
4811 1713
4465 -696
3005 -2927
803 -4426
-1594 -4827
-3594 -4037
-4712 -2260
-4680 65
-3515 2370
-1505 4098
862 4836
3019 4415
4454 2943
4833 777
4073 -1569
2362 -3542
104 -4684
-2174 -4735
-3946 -3691
-4809 -1800
-4572 498
-3296 2679
-1278 4248
1024 4855
3091 4371
4465 2912
4847 809
4160 -1468
2561 -3418
406 -4617
-1832 -4807
-3670 -3957
-4715 -2255
-4751 -75
-3775 2117
-2003 3855
186 4776
2332 4691
3987 3627
4812 1811
4643 -375
3523 -2479
1686 -4072
-489 -4833
-2560 -4615
-4113 -3468
-4842 -1630
-4607 529
-3463 2577
-1641 4114
497 4840
2533 4622
4076 3508
4830 1720
4660 -393
3603 -2427
1868 -3996
-215 -4808
-2253 -4716
-3867 -3745
-4762 -2082
-4779 -39
-3923 2006
-2355 3680
-365 4683
1686 4838
3430 4126
4560 2679
4880 761
4342 -1287
3047 -3104
1224 -4376
-805 -4887
-2691 -4554
-4112 -3442
-4833 -1747
-4735 239
-3844 2180
-2313 3751
-403 4694
1568 4859
3278 4224
4449 2900
4896 1109
4553 -857
3483 -2680
1861 -4071
-50 -4813
-1949 -4794
-3538 -4024
-4574 -2630
-4902 -833
-4477 1088
-3370 2837
-1757 4150
117 4833
1968 4788
3521 4029
4549 2675
4907 931
4548 -944
3530 -2678
2006 -4019
200 -4780
-1630 -4857
-3225 -4244
-4362 -3036
-4887 -1406
-4733 414
-3928 2172
-2588 3627
-901 4582
904 4914
2582 4583
3910 3641
4717 2217
4901 505
4444 -1268
3412 -2871
1942 -4098
229 -4794
-1509 -4877
-3050 -4341
-4205 -3261
-4832 -1776
-4859 -75
-4289 1629
-3197 3129
-1721 4243
-43 4842
1635 4857
3114 4294
4220 3224
4829 1779
4875 132
4358 -1526
3343 -3003
1952 -4132
344 -4790
-1297 -4906
-2788 -4474
-3967 -3547
-4706 -2233
-4930 -679
-4621 943
-3817 2458
-2609 3706
-1129 4555
464 4922
2003 4772
3329 4128
4310 3061
4848 1685
4894 143
4449 -1409
3563 -2814
2328 -3936
869 -4666
-669 -4938
-2137 -4731
-3395 -4070
-4326 -3024
-4847 -1695
-4912 -212
-4521 1285
-3716 2658
-2575 3782
-1205 4558
268 4920
1711 4841
2998 4332
4017 3444
4683 2258
4943 882
4779 -565
4210 -1958
3289 -3181
2098 -4132
738 -4737
-677 -4949
-2032 -4756
-3217 -4180
-4141 -3270
-4733 -2104
-4951 -776
-4782 606
-4245 1936
-3385 3112
-2273 4046
-994 4670
353 4942
1669 4846
2857 4395
3833 3625
4528 2596
4899 1386
4922 84
4601 -1219
3962 -2432
3054 -3472
1942 -4270
704 -4775
-575 -4958
-1810 -4811
-2921 -4348
-3838 -3603
-4505 -2630
-4881 -1493
-4948 -266
-4706 971
-4175 2143
-3390 3177
-2403 4013
-1277 4603
-81 4915
1114 4935
2239 4666
3229 4128
4030 3356
4600 2398
4909 1309
4946 152
4711 -1006
4223 -2105
3510 -3084
2615 -3894
1587 -4495
482 -4858
-642 -4968
-1728 -4823
-2721 -4436
-3574 -3829
-4247 -3035
-4709 -2098
-4943 -1064
-4940 15
-4704 1088
-4251 2104
-3605 3017
-2799 3787
-1871 4382
-866 4777
172 4960
1196 4924
2164 4676
3034 4230
3772 3609
4349 2840
4746 1959
4948 1004
4951 14
4759 -971
4383 -1912
3840 -2773
3155 -3523
2356 -4136
1474 -4590
544 -4873
-400 -4977
-1324 -4902
-2196 -4654
-2986 -4244
-3668 -3691
-4222 -3016
-4631 -2243
-4886 -1402
-4980 -520
-4913 373
-4692 1248
-4326 2078
-3830 2838
-3220 3506
-2519 4064
-1748 4497
-932 4796
-95 4955
738 4971
1545 4848
2305 4592
2996 4213
3602 3723
4110 3139
4508 2477
4788 1757
4946 998
4981 220
4895 -557
4693 -1315
4381 -2036
3971 -2704
3474 -3305
2903 -3826
2272 -4258
1597 -4594
894 -4828
178 -4958
-535 -4984
-1232 -4908
-1899 -4735
-2522 -4469
-3092 -4119
-3599 -3693
-4034 -3202
-4392 -2657
-4668 -2068
-4860 -1449
-4966 -809
-4987 -162
-4926 482
-4784 1112
-4568 1718
-4282 2291
-3933 2823
-3529 3307
-3076 3737
-2583 4108
-2059 4416
-1511 4660
-949 4836
-380 4946
188 4990
747 4969
1291 4886
1814 4743
2309 4544
2772 4294
3197 3998
3583 3659
3925 3284
4221 2879
4470 2447
4670 1996
4822 1531
4926 1056
4982 577
4992 98
4957 -375
4879 -839
4761 -1289
4605 -1723
4414 -2138
4192 -2529
3941 -2896
3664 -3236
3364 -3548
3046 -3830
2712 -4081
2365 -4302
2008 -4492
1644 -4650
1276 -4778
907 -4876
538 -4944
173 -4984
-187 -4997
-541 -4984
-885 -4946
-1220 -4885
-1542 -4803
-1853 -4700
-2149 -4579
-2431 -4441
-2699 -4289
-2950 -4122
-3186 -3944
-3407 -3756
-3611 -3558
-3799 -3353
-3972 -3142
-4129 -2926
-4271 -2707
-4399 -2486
-4512 -2263
-4612 -2040
-4698 -1818
-4772 -1598
-4835 -1379
-4886 -1164
-4927 -953
-4958 -746
-4980 -543
-4993 -346
-4999 -155
-4998 31
-4991 210
-4978 383
-4960 550
-4937 709
-4911 863
-4882 1009
-4850 1148
-4816 1281
-4780 1406
-4743 1525
-4705 1637
-4667 1743
-4629 1841
-4592 1934
-4555 2020
-4520 2100
-4486 2173
-4454 2240
-4423 2302
-4395 2358
-4369 2408
-4346 2452
-4325 2491
-4308 2524
-4293 2552
-4281 2574
-4272 2591
-4266 2603
-4264 2610
-4265 2611
-4269 2607
-4276 2598
-4286 2583
-4300 2563
-4316 2538
-4335 2508
-4357 2472
-4382 2431
-4409 2384
-4438 2331
-4470 2272
-4503 2208
-4538 2137
-4574 2060
-4611 1978
-4648 1888
-4686 1793
-4724 1691
-4761 1582
-4798 1467
-4833 1344
-4866 1215
-4897 1079
-4925 937
-4949 787
-4969 630
-4985 467
-4995 297
-4999 121
-4997 -61
-4988 -250
-4970 -444
-4943 -644
-4908 -849
-4862 -1058
-4805 -1271
-4737 -1488
-4657 -1708
-4564 -1929
-4457 -2152
-4337 -2375
-4202 -2597
-4053 -2817
-3888 -3035
-3707 -3248
-3511 -3456
-3299 -3658
-3070 -3851
-2826 -4035
-2567 -4207
-2292 -4367
-2003 -4512
-1699 -4642
-1382 -4754
-1054 -4846
-714 -4918
-365 -4968
-8 -4994
355 -4994
722 -4968
1091 -4914
1460 -4831
1827 -4718
2187 -4575
2540 -4401
2881 -4196
3207 -3959
3516 -3692
3805 -3395
4069 -3069
4307 -2716
4514 -2336
4687 -1933
4825 -1509
4923 -1066
4979 -608
4992 -139
4960 337
4880 816
4752 1294
4576 1765
4351 2224
4079 2666
3759 3085
3395 3476
2989 3833
2545 4151
2065 4425
1556 4650
1022 4821
469 4935
-96 4987
-665 4976
-1232 4900
-1788 4756
-2325 4546
-2834 4270
-3308 3930
-3737 3529
-4115 3071
-4433 2563
-4685 2009
-4865 1418
-4967 799
-4987 161
-4924 -486
-4775 -1131
-4541 -1762
-4223 -2367
-3826 -2936
-3354 -3455
-2815 -3915
-2216 -4304
-1570 -4613
-887 -4833
-180 -4959
537 -4984
1249 -4906
1939 -4724
2594 -4439
3197 -4054
3733 -3576
4188 -3014
4550 -2378
4808 -1681
4953 -940
4979 -170
4882 610
4663 1381
4323 2123
3869 2817
3311 3442
2660 3981
1932 4417
1147 4736
323 4927
-515 4981
-1344 4893
-2141 4664
-2880 4297
-3538 3800
-4093 3184
-4526 2468
-4822 1670
-4966 814
-4953 -73
-4778 -964
-4446 -1830
-3962 -2640
-3342 -3367
-2603 -3984
-1769 -4468
-867 -4799
71 -4962
1012 -4948
1923 -4754
2768 -4384
3514 -3848
4131 -3164
4593 -2354
4879 -1449
4974 -482
4871 511
4571 1488
4082 2411
3421 3241
2613 3940
1690 4477
688 4826
-348 4969
-1376 4896
-2348 4606
-3220 4108
-3951 3422
-4504 2576
-4850 1606
-4971 556
-4855 -527
-4506 -1590
-3935 -2582
-3168 -3453
-2239 -4158
-1193 -4659
-81 -4927
1040 -4945
2114 -4707
3082 -4223
3892 -3513
4497 -2613
4862 -1567
4962 -431
4788 735
4346 1865
3656 2897
2754 3769
1689 4429
521 4836
-684 4961
-1854 4795
-2918 4341
-3811 3623
-4475 2681
-4865 1570
-4954 356
-4731 -886
-4206 -2077
-3408 -3141
-2386 -4008
-1203 -4617
65 -4925
1334 -4908
2519 -4561
3538 -3905
4318 -2978
4803 -1842
4954 -574
4756 741
4219 2009
3376 3138
2284 4046
1021 4663
-323 4940
-1648 4852
-2856 4400
-3852 3614
-4557 2549
-4914 1285
-4890 -85
-4482 -1453
-3717 -2713
-2652 -3762
-1369 -4513
30 -4903
1432 -4893
2721 -4481
3789 -3695
4542 -2597
4913 -1276
4866 160
4398 1587
3547 2882
2382 3931
1001 4638
-473 4936
-1911 4793
-3182 4218
-4166 3258
-4772 1995
-4937 543
-4642 -964
-3908 -2387
-2800 -3590
-1420 -4454
101 -4894
1618 -4862
2982 -4355
4057 -3418
4731 -2139
4934 -642
4638 925
3870 2403
2702 3641
1250 4509
-337 4912
-1893 4802
-3256 4186
-4276 3124
-4841 1725
-4885 135
-4397 -1475
-3426 -2930
-2072 -4067
-484 -4757
1164 -4918
2685 -4526
3907 -3620
4684 -2298
4924 -708
4593 969
3723 2539
2411 3815
809 4645
-895 4924
-2496 4613
-3801 3744
-4645 2417
-4922 790
-4591 -939
-3686 -2558
-2317 -3862
-651 -4684
1103 -4915
2721 -4520
3993 -3543
4751 -2105
4890 -389
4387 1383
3302 2978
1773 4182
2 4830
-1774 4831
-3315 4177
-4407 2951
-4895 1317
-4707 -504
-3862 -2260
-2472 -3705
-729 -4633
1123 -4906
2819 -4481
4113 -3411
4816 -1846
4817 -7
4112 1837
2797 3416
1063 4493
-835 4903
-2613 4579
-4000 3562
-4781 2002
-4832 131
-4138 -1765
-2799 -3393
-1020 -4498
923 -4901
2726 -4533
4100 -3445
4822 -1806
4770 128
3945 2046
2475 3636
596 4637
-1386 4878
-3144 4313
-4382 3030
-4888 1236
-4571 -770
-3477 -2651
-1787 -4086
214 -4825
2183 -4735
3777 -3825
4716 -2246
4828 -270
4087 1758
2617 3480
677 4586
-1391 4872
-3212 4280
-4453 2911
-4884 1008
-4418 -1085
-3134 -2983
-1264 -4332
846 -4877
2802 -4509
4233 -3291
4863 -1445
4564 679
3388 2679
1554 4167
-586 4851
-2616 4591
-4138 3432
-4846 1594
-4594 -564
-3424 -2615
-1565 -4147
614 -4848
2673 -4570
4192 -3363
4854 -1466
4518 737
3245 2792
1294 4272
-933 4863
-2968 4434
-4380 3069
-4864 1051
-4310 -1197
-2829 -3193
-734 -4505
1525 -4845
3456 -4132
4633 -2514
4791 -340
3888 1914
2118 3747
-130 4748
-2354 4685
-4050 3566
-4830 1637
-4509 -670
-3153 -2828
-1067 -4340
1269 -4852
3315 -4238
4589 -2634
4787 -409
3853 1917
2001 3793
-331 4770
-2588 4607
-4227 3337
-4846 1257
-4286 -1132
-2678 -3249
-409 -4575
1965 -4776
3857 -3796
4790 -1871
4526 525
3122 2794
926 4362
-1509 4828
-3564 4066
-4709 2261
-4644 -127
-3376 -2488
-1229 -4208
1243 -4834
3393 -4196
4653 -2453
4682 -59
3465 2355
1319 4145
-1184 4828
-3373 4212
-4652 2456
-4667 30
-3405 -2409
-1207 -4192
1329 -4824
3501 -4123
4701 -2275
4588 210
3186 2641
882 4332
-1676 4801
-3762 3906
-4775 1895
-4418 -663
-2787 -3035
-345 -4533
2201 -4717
4108 -3526
4811 -1300
4097 1312
2167 3541
-411 4722
-2870 4497
-4472 2924
-4730 470
-3556 -2130
-1300 -4089
1356 -4805
3601 -4053
4741 -2054
4416 581
2719 3040
172 4557
-2433 4653
-4278 3288
-4774 885
-3758 -1802
-1543 -3921
1168 -4792
3508 -4129
4721 -2136
4406 549
2659 3060
41 4578
-2595 4601
-4381 3112
-4722 594
-3496 -2124
-1104 -4141
1660 -4778
3871 -3814
4780 -1565
4070 1215
1975 3587
-797 4741
-3300 4274
-4672 2338
-4431 -407
-2653 -3015
51 -4579
2741 -4547
4472 -2923
4630 -268
3149 2485
547 4361
-2253 4687
-4251 3338
-4724 790
-3493 -2046
-996 -4147
1867 -4745
4052 -3616
4755 -1162
3709 1721
1291 3974
-1608 4759
-3913 3777
-4760 1386
-3822 -1528
-1445 -3871
